7.761294779441529457e+00
6.858698445410272626e+00
7.030169092322163138e+00
9.471231332346684795e+00
6.240896140949856452e+00
1.082391634553785309e+01
8.680230449821111804e+00
6.562010023151653826e+00
1.140918920464179642e+01
8.960351589564561792e+00
6.034669418178689959e+00
9.104755685267113208e+00
6.630968139264571626e+00
1.012127078052168727e+01
7.300780171558071352e+00
9.981275832114516078e+00
1.199174721653276876e+01
9.399956361424564477e+00
9.144357472159395428e+00
9.902945696939585929e+00
6.462104641017496931e+00
1.091435666618921374e+01
1.097597922889855937e+01
9.614702510935034141e+00
7.692104696383952778e+00
8.323488261234089691e+00
6.198792370514817129e+00
6.995291831945694483e+00
9.020726213910876368e+00
6.448416935637447445e+00
7.097972594284488679e+00
1.218760211914582747e+01
8.106304590400194243e+00
8.208137159194707877e+00
1.148815200655559465e+01
7.696144114300178529e+00
8.217906106795876298e+00
1.141082844079305758e+01
9.016177462883067761e+00
9.953895264237679896e+00
8.290554140557043539e+00
9.066459899197031547e+00
1.082992517108780639e+01
8.993989236015591970e+00
7.421814176539996311e+00
8.907778247377606817e+00
7.942461573643779360e+00
6.438910686289625929e+00
9.502684585871984169e+00
6.567280876180848104e+00
1.310676422249039774e+01
7.735739491596099526e+00
7.913177113072944024e+00
9.789788251542962172e+00
7.520901344948457634e+00
1.148091745750141968e+01
6.367310194804575829e+00
8.657111107827526908e+00
7.141011665721367585e+00
7.312952013452334477e+00
8.928323456437267325e+00
6.288602072220580652e+00
8.702101551782185140e+00
6.044903120936211849e+00
7.419792734018837876e+00
1.380993890308070959e+01
1.048859241742955462e+01
7.595575797645667038e+00
9.589542154784659544e+00
6.580763763261836097e+00
1.088240989004694548e+01
7.550157407005602117e+00
1.010945341378945628e+01
8.851512254487218456e+00
1.028595720598094765e+01
1.125897630439618879e+01
9.164086538638356316e+00
8.006258067631490505e+00
9.154872710740503905e+00
8.293869090209366135e+00
1.261883019708576370e+01
6.156090468773022906e+00
1.037804253893192552e+01
6.164586180817029692e+00
1.201504488849469610e+01
6.653267587700783636e+00
1.030438471956166069e+01
6.678889844637952322e+00
9.597749203861319245e+00
8.303650131379054500e+00
6.774795526597798379e+00
1.010873606781769496e+01
6.326984824426268972e+00
7.597102928669732691e+00
6.318566421624963958e+00
6.477380135663078242e+00
1.308277196934426456e+01
6.686850441077580420e+00
8.537653667662418400e+00
1.073149455249536643e+01
1.236259590731506108e+01
8.435302630729772488e+00
7.169461029203334057e+00
8.918228382658343278e+00
6.320296883723315773e+00
8.220707106313009049e+00
1.100042355873776323e+01
6.126729337418304056e+00
1.374128755041940408e+01
6.436776610665677190e+00
1.085084403136490749e+01
8.283804772831787844e+00
7.052537667994367432e+00
1.114859156954646124e+01
7.691329965870985497e+00
6.201834148083460008e+00
9.911945442042432219e+00
9.330211577838916526e+00
7.505987597023761282e+00
7.364261193338090372e+00
1.189582585700111572e+01
7.112096881367673262e+00
1.131374329829455405e+01
1.003766201000334135e+01
6.291274843395735061e+00
8.085328300903636745e+00
7.280546035081168377e+00
6.047051586402034218e+00
1.287312732074135013e+01
6.862866808296744559e+00
6.080940543716183200e+00
6.858755463109124761e+00
1.131191789203711906e+01
1.135711149919908891e+01
7.501574187078313471e+00
1.124415323978934111e+01
1.309597028873511704e+01
1.135896584219327465e+01
7.332319126844137003e+00
6.185668778619930919e+00
7.445869383555560717e+00
1.072316925334448534e+01
8.012384683669473873e+00
6.720980627175704214e+00
1.037716954237156841e+01
9.661190717841293463e+00
7.243027782253584235e+00
7.665360992905132065e+00
1.213717820947767123e+01
7.843963726560074790e+00
1.078867712086098685e+01
1.178470146457204493e+01
1.011828908074537026e+01
6.705346269485580102e+00
1.061905109860405183e+01
6.307013495134882852e+00
1.052139752580895582e+01
7.657137837114711409e+00
6.970766111708060819e+00
1.310173741818529436e+01
8.908502810281408557e+00
7.090385077990902118e+00
7.839654299978163543e+00
1.004644284170059443e+01
6.322418330278331666e+00
8.811757540618209816e+00
8.875321256348737364e+00
7.748120025804028366e+00
7.104613311432700584e+00
6.247483716393683828e+00
1.156227818587806055e+01
7.177853984418994138e+00
6.522443918730842505e+00
9.271896024985727180e+00
1.084350936497170181e+01
1.192736075499906434e+01
9.068692981393368768e+00
9.315287034064184013e+00
9.323742684975014683e+00
6.881892841737641930e+00
6.163344675706580844e+00
1.003740507584683961e+01
8.145914608664504897e+00
1.276446633240097128e+01
1.373353299136316430e+01
8.039635602938229653e+00
8.028365345237013173e+00
1.163803059056936284e+01
7.358428361783298399e+00
6.774844116123099447e+00
1.033929849551382141e+01
1.114424637804755847e+01
1.148859633840634764e+01
9.473432327921926799e+00
6.361128209311326387e+00
6.666597218128099911e+00
1.387218950797644901e+01
6.196979317485559413e+00
1.019767835103706588e+01
9.491260756060201587e+00
9.681297421398046055e+00
6.099394793942850335e+00
6.842481786552760070e+00
6.662928046414410943e+00
1.171000171206552309e+01
1.086000894163887764e+01
8.662811790795878153e+00
6.957155877213957673e+00
6.959673712996666595e+00
6.235237103577805584e+00
7.470410377023728898e+00
1.105778399163108361e+01
1.109448703058551544e+01
7.808201796052799182e+00
6.200762261042549461e+00
7.864532262005626606e+00
7.037242520163561110e+00
6.040434770245025398e+00
7.006573169864887873e+00
6.495270886984690684e+00
6.362415844265492559e+00
9.981653481750946355e+00
1.023230404210227817e+01
6.480768744823373950e+00
1.018975246387518396e+01
8.227733956608535237e+00
9.658579212385125956e+00
1.238560364875231024e+01
1.034138975873925226e+01
6.300373765529719172e+00
6.166545131162422422e+00
1.232145244292322062e+01
1.352214135206850543e+01
1.081912928332206469e+01
7.542128013492346739e+00
6.668098519840250482e+00
1.352914182013576294e+01
1.227190573293509601e+01
6.471499115810195768e+00
7.788259796295906590e+00
1.393082948545527344e+01
7.637352265999440171e+00
6.572626347517452672e+00
6.774304137704054263e+00
7.309384432861086189e+00
7.799639791606592709e+00
9.153482444512320626e+00
1.229020336676045844e+01
1.173748588120612979e+01
7.442019449196033420e+00
8.507170388578479958e+00
1.078548404665947302e+01
8.265116423140526081e+00
8.554802940289857105e+00
6.303549590893088528e+00
1.027807648273969932e+01
6.986090609646723237e+00
6.318356410897203013e+00
7.096186766919968747e+00
6.117655423716555241e+00
7.740324845805551135e+00
8.677731986695230049e+00
8.006118095780824007e+00
8.045287062930478683e+00
8.620331566870472528e+00
9.515213171370561440e+00
9.854591178163079945e+00
1.223065338908617861e+01
1.292970299432750991e+01
7.228604200340287278e+00
6.444958559735695758e+00
8.176368050664311937e+00
6.982064644162272238e+00
7.700568704600560643e+00
8.391559959733204010e+00
7.126145181058991973e+00
9.219886913810377393e+00
7.955776695318292013e+00
7.148091683094857984e+00
8.030339595535327391e+00
7.026457427995447702e+00
6.234930014625219563e+00
6.857644756166307864e+00
7.276984388255380409e+00
8.171249879688486928e+00
1.126256441745835701e+01
6.127558877406783289e+00
6.202986757097908921e+00
6.768652647053673199e+00
1.064335195311826077e+01
1.022872499914545585e+01
8.703889189091340128e+00
8.442342567990708702e+00
1.215012487159503962e+01
8.726785935376668135e+00
7.820962306066499004e+00
1.042002584862223102e+01
6.554041289245395419e+00
1.067798150814989100e+01
6.828877864319974123e+00
6.586032407444196934e+00
6.851959441491399794e+00
1.272481577261781993e+01
8.656558703417289280e+00
9.015657766477005453e+00
9.694990557663473396e+00
7.808858410765828317e+00
1.000548050960741264e+01
6.130529915950672759e+00
1.022566839875244682e+01
1.115616363241167619e+01
6.672716401988241230e+00
1.137660376472428325e+01
6.475092892872615025e+00
8.277610346780196693e+00
1.038399358263936278e+01
6.661547039523473046e+00
7.101839801083844606e+00
1.141117439865621996e+01
8.833391490791136391e+00
9.977298719024386031e+00
6.660398752384598886e+00
7.298963402102110365e+00
9.557918392726771017e+00
6.066076062488293452e+00
7.733669790910559172e+00
8.975088363079368747e+00
9.708929068244447791e+00
6.018535756594502573e+00
6.400004414693322374e+00
1.102587215777503360e+01
7.430258365492486305e+00
1.107751100335579153e+01
7.207411719163401287e+00
1.206542101866417127e+01
8.882952536535741572e+00
8.561850111486908332e+00
6.413566348511523962e+00
9.229412760807658600e+00
1.008929071680979206e+01
8.390099616499183455e+00
1.134644625747105273e+01
8.018148415577780241e+00
9.647584478750056647e+00
7.660522447867376350e+00
6.077797000886744350e+00
6.464637014257756498e+00
1.228577036455701332e+01
8.618666078381298945e+00
7.016992434808235757e+00
7.086508608247201302e+00
8.176615927079282642e+00
8.700988632705309200e+00
9.616009208706671529e+00
9.786444482444125015e+00
9.300356297154397822e+00
7.455532140682400666e+00
9.950780814552301123e+00
9.863669243088107663e+00
6.405073359708837621e+00
6.099474430910098555e+00
9.365759625331824267e+00
1.026515473625477171e+01
9.094555292797551260e+00
9.146247791832639251e+00
6.650296206054253645e+00
8.597836352104337720e+00
9.720947168731335353e+00
9.367147685899674059e+00
1.193343958317330156e+01
6.452023256927778228e+00
1.187926385695032572e+01
8.298455836760325610e+00
8.898271208011598432e+00
6.138484805076250161e+00
8.323373754933413693e+00
6.607163519170189403e+00
1.234266081173976204e+01
1.227546775622638187e+01
9.230280344593552400e+00
6.296759139549780393e+00
6.806133680256241547e+00
7.040698888485581897e+00
9.319258824214724513e+00
9.885653069216310485e+00
8.627217305512594692e+00
9.143793471245379223e+00
1.103101304403294058e+01
7.440556332535981809e+00
1.171819469709110884e+01
7.932878815049140719e+00
6.169396637109458403e+00
7.837058289532810917e+00
7.226362641497892980e+00
7.695640343651750648e+00
6.662617105140882678e+00
8.718935069898927637e+00
1.162049649101870585e+01
8.718989242812654084e+00
6.971727269665847437e+00
8.902159034958582851e+00
1.215477552995477595e+01
9.386430481379075985e+00
6.694751018688934074e+00
9.934672227322780103e+00
1.193979089397431359e+01
7.505976713393796018e+00
9.592743866781734852e+00
1.138137701997739093e+01
7.710241078005216409e+00
6.514021369657292837e+00
8.235337287192635358e+00
9.667215203686513547e+00
6.685561571214402754e+00
8.408597186248872646e+00
1.125005886484419904e+01
7.603803825468802735e+00
8.094719330124334533e+00
7.736732566567334324e+00
8.741217947168452795e+00
8.361543811674980731e+00
6.128241671752715725e+00
9.352010975137039495e+00
7.429823312830182935e+00
7.480124453539538365e+00
7.954895944355694581e+00
9.685147567997617557e+00
1.110675664580604405e+01
1.125332677722353658e+01
1.150051768207080016e+01
1.086968989080495973e+01
8.816008456140860261e+00
7.460374909673299193e+00
6.303458753480506438e+00
7.596498838201547699e+00
8.714709608831018528e+00
6.488559324988638188e+00
6.424483251752900692e+00
1.110335117659473703e+01
1.132343078313421358e+01
9.426111380221087188e+00
6.408856790946096282e+00
9.135089796863351097e+00
7.549095297313244579e+00
1.133604440206300090e+01
6.663262945107021551e+00
9.503331792732756966e+00
6.517618934280313248e+00
8.447739726663732185e+00
1.106863162477169737e+01
9.558226142927793489e+00
1.032698629477690133e+01
1.160519055559093893e+01
9.529771768931247777e+00
7.519113029221232480e+00
8.181177403093123246e+00
6.179834733141469805e+00
6.243482837386562068e+00
8.581174129432842079e+00
8.843855359502210689e+00
7.396371279027800227e+00
6.349513620343342879e+00
1.077651255526479090e+01
8.743323045554717510e+00
9.111988082621429896e+00
1.042661128323597097e+01
1.253601023879825149e+01
9.465616315807540815e+00
1.081086905058305270e+01
6.504401144902207221e+00
6.925916611709868498e+00
7.197371925203092324e+00
8.839969985930244079e+00
1.262169796574230141e+01
8.712843456188329228e+00
6.746758196902784555e+00
7.403108386852970568e+00
8.836621554523549804e+00
1.292014543608067179e+01
6.921871535516807228e+00
1.124674153899199069e+01
1.001617594886198148e+01
6.123474160996020821e+00
8.535340888744572752e+00
6.592930743281391059e+00
8.733737882965463939e+00
1.195463395752425129e+01
7.627388462004354608e+00
9.655780232377480843e+00
1.054869782800657418e+01
1.288733478831720092e+01
6.397162848035309324e+00
1.094708876033858758e+01
9.924392890035068859e+00
9.665382048147945326e+00
6.002229833010449767e+00
8.228298175480741605e+00
1.049139681144095704e+01
1.032819922081770514e+01
1.208687298292773704e+01
9.157995695025512362e+00
7.670435070968998126e+00
7.750605232432612013e+00
1.225835005682323775e+01
7.758401901589182970e+00
6.593375648079230267e+00
7.283699975408841176e+00
1.224575112346295747e+01
7.489218556363040236e+00
1.135823183892555832e+01
1.198429232298391867e+01
7.858967181072822328e+00
1.012719293769976403e+01
9.206609490934305029e+00
6.125831820619794144e+00
1.110927308661563728e+01
1.173552705475158930e+01
8.134728093101987412e+00
1.124858859624073659e+01
1.032430965122066979e+01
7.183491406589250339e+00
6.830817833725700616e+00
9.535437021661728352e+00
6.231894311421243060e+00
1.044355211127304450e+01
6.180881010924470509e+00
9.197826940383842853e+00
1.098110864292198130e+01
8.986498055206084246e+00
8.221245013190625173e+00
1.242091545583570777e+01
9.055648316540001019e+00
9.702236196496468068e+00
1.039730154005568608e+01
7.711965195813356821e+00
7.103122170488595621e+00
6.925799829608275893e+00
7.293125832342621351e+00
6.131359896245857755e+00
9.000223646269386535e+00
7.061159109309953053e+00
8.190758388534804979e+00
8.332743848938243048e+00
7.009491465346455286e+00
6.073739221246783337e+00
7.676350364330453147e+00
9.360816179335921916e+00
9.379287067280746015e+00
1.185410679794151356e+01
7.244528236487410844e+00
1.205819244107925670e+01
8.673101563032069805e+00
1.000288119744384119e+01
1.109048608180139794e+01
7.237994043334619043e+00
7.249954248024893744e+00
1.066751690599112479e+01
9.063501058976145330e+00
9.970780594932993068e+00
6.863411731249305703e+00
8.012169295363886334e+00
1.164696117785074136e+01
9.477902563333518771e+00
1.032874506608808218e+01
8.127982229161741401e+00
6.595898112797446089e+00
1.156966708504879904e+01
7.482736567477568101e+00
6.212875262399756515e+00
6.327222441499134931e+00
1.103899796872321559e+01
9.186267148411634054e+00
1.159400841454072051e+01
8.715194686976831306e+00
7.447692238217429761e+00
9.099651680717771640e+00
8.449842159799183960e+00
1.005117681935507790e+01
8.853640948765802321e+00
1.031452618776766883e+01
9.315045531359457343e+00
6.042120637436833697e+00
9.126304021982237558e+00
7.291188278442782611e+00
1.051713325293340162e+01
8.903899475098418392e+00
1.082534277834718850e+01
1.164508089279716785e+01
6.032809036471085129e+00
9.295982995052801456e+00
7.741142010223618364e+00
1.203654364562553170e+01
1.232463316769112005e+01
1.045585647308367072e+01
6.337529432418490316e+00
8.941854014606175127e+00
8.770013299054653544e+00
1.102721396813299037e+01
8.719125287939178293e+00
1.088318104433847289e+01
6.824160500276367891e+00
1.048670728534358432e+01
9.283433373420008294e+00
1.013168875570583438e+01
6.941627963571884052e+00
1.139074717622469279e+01
7.292251538720103454e+00
6.982392892969925491e+00
8.817864601257010548e+00
6.062560606236600869e+00
1.112377638708783500e+01
6.486983803508747926e+00
1.109542176165568961e+01
6.414076295756879098e+00
1.024454643379971053e+01
6.449167879556279459e+00
7.857014928030849887e+00
8.743124653209491726e+00
9.255698985705794968e+00
1.263997010100210261e+01
6.204306466766845496e+00
6.243624585155088447e+00
6.000332931399769976e+00
1.138359841826049035e+01
7.674498308216671560e+00
9.200126990676146477e+00
6.312029967509007022e+00
8.723868750230330704e+00
1.181287282132271699e+01
7.874753223616345998e+00
7.476734958747822901e+00
6.538474185715655196e+00
8.029614900350191320e+00
8.578679453172872726e+00
6.466291537928118061e+00
1.251349814621947409e+01
8.144111353198754344e+00
1.079436866762145897e+01
7.431928210016588210e+00
7.198005780760450278e+00
6.331785005393059329e+00
1.080877048331349854e+01
1.007717669250630799e+01
8.541159492163775013e+00
6.077319023735794801e+00
7.700762220390808821e+00
1.041597717762552122e+01
9.822465581774402210e+00
6.819057586100801593e+00
7.279139570775932988e+00
1.103287710227645491e+01
9.191415609884140636e+00
8.047099095088404042e+00
1.012915850271276952e+01
7.912119769068123531e+00
7.581512933196740356e+00
7.104157292694281089e+00
8.152303801042224407e+00
7.276050974629785451e+00
6.424872239026576004e+00
6.724513910234141356e+00
1.050026918293243483e+01
1.070646044373181560e+01
1.078588561326377970e+01
8.400506096875538731e+00
1.257368803324923867e+01
1.123531530107064746e+01
7.823181591851792405e+00
6.254022491485843993e+00
7.584527458478079076e+00
7.903886185332545722e+00
8.675366981054345672e+00
9.344461063372008880e+00
7.829663523770439504e+00
6.901155104120440420e+00
6.022089469275933915e+00
1.044093554211624664e+01
8.703138048605119081e+00
7.568921068048243939e+00
6.650093546603468297e+00
6.335493022869629343e+00
6.365463769394987814e+00
6.620975240964591890e+00
8.648930335787820667e+00
1.122120353855558861e+01
6.705456372832394152e+00
6.692998501137739531e+00
7.604305385320205168e+00
1.139246809192062670e+01
7.850775269912249499e+00
8.368625699113009020e+00
1.244804077279659893e+01
9.132333481126455155e+00
7.850184811975738697e+00
8.710186698939487826e+00
7.995060342236444129e+00
1.045635847457798207e+01
6.032075218126685456e+00
1.269430038613548462e+01
7.361205241722576176e+00
8.339029794384492433e+00
7.750027697701874274e+00
9.563490084897235732e+00
7.322315168023915355e+00
6.326849359475854584e+00
7.124255732990913970e+00
6.393609674628322637e+00
1.068105296960674266e+01
7.308754462702493626e+00
9.884499042592214124e+00
6.897160365852426089e+00
9.428797864762833214e+00
1.017524873933786722e+01
6.324269687847242416e+00
9.089411261612111659e+00
9.941561120659283546e+00
7.649936519844671601e+00
1.325365194178984751e+01
1.023171544820975498e+01
8.828078194859715566e+00
8.718554466581387885e+00
9.899830018153862099e+00
7.008352878806883623e+00
8.641631439881731325e+00
7.325474459046382947e+00
6.720212710344631191e+00
6.835172943692199077e+00
9.823985679122866799e+00
9.052984402479168580e+00
1.038953676454821462e+01
8.900846434138822261e+00
7.207861562556204582e+00
6.104315511102900160e+00
6.392912680806294823e+00
8.345919689668065189e+00
1.025481462325290494e+01
1.018018951188332188e+01
7.461739746390217753e+00
8.225336167105995244e+00
9.150981006697085363e+00
1.086573154270103991e+01
8.995161246175749525e+00
6.150097965352614438e+00
8.282050599027884985e+00
7.289189262316284612e+00
7.083892563979242496e+00
9.165786559518192433e+00
1.074665835497685151e+01
7.050632744338211744e+00
9.474983824434378477e+00
1.072216038551189854e+01
9.722763313821159770e+00
9.043612487301182057e+00
7.269507969853101770e+00
8.533698621473444490e+00
8.817544193145490539e+00
6.974653572967444148e+00
8.178284904074624606e+00
7.430959639643569759e+00
9.850025154150335638e+00
8.279740938620708590e+00
7.681025832937713460e+00
1.114515309663310560e+01
8.579554476074005009e+00
9.026534099358716645e+00
1.002190866113227052e+01
7.903144936581783853e+00
1.133076055846244223e+01
7.147166691043965514e+00
8.979748199096421857e+00
8.173488078607256568e+00
9.467356340152024430e+00
6.850337306014423255e+00
1.040625649426050714e+01
6.798590047333597397e+00
9.053121100271024346e+00
1.255323315624702651e+01
7.299261091829303716e+00
7.160157540112826347e+00
8.644384724164872580e+00
8.635086516817757740e+00
1.367484120798354574e+01
1.047610308414150637e+01
8.893837645193091390e+00
7.403507768907743092e+00
7.601350590313166400e+00
9.083983710254944555e+00
8.123810033822103094e+00
8.185152865764308672e+00
1.050165016058905820e+01
6.321295039014882100e+00
6.300375744371804920e+00
9.404302004302550699e+00
9.857611540265125427e+00
7.645689178654187401e+00
6.624255355689976810e+00
1.089563982001532949e+01
1.217015627990091531e+01
6.875902114166270174e+00
1.029409020329000768e+01
7.647024535247044952e+00
9.566651819792657108e+00
7.685325723503392936e+00
1.072613037856727303e+01
8.261855398246630955e+00
1.283134174079393119e+01
1.205795586997438562e+01
1.200091479874347833e+01
7.411601233609401262e+00
6.453499544982674863e+00
7.417845927579178600e+00
1.173248611896374527e+01
8.755114371885934332e+00
8.141675554208873677e+00
9.458307914437185104e+00
1.100046181582241900e+01
1.166710093093998957e+01
9.962201381290800128e+00
7.431994367717636329e+00
9.673225190662105177e+00
9.050261088277672172e+00
6.263248992887320732e+00
1.041552493846045024e+01
7.879766206082719826e+00
1.013858327242492052e+01
1.168631465539603909e+01
9.929928948396241850e+00
1.015162194263018947e+01
9.498587514299565271e+00
8.211931348174180911e+00
8.169783115551675579e+00
1.209942035612642641e+01
7.759901192109543544e+00
7.006132824109023716e+00
1.207913270181922982e+01
9.850345026773851487e+00
6.915208850298648180e+00
1.242462706486273660e+01
7.152049793623736385e+00
8.768506079655228547e+00
1.100904812927168130e+01
8.231220555801058936e+00
1.123840133419921905e+01
8.157360432157581442e+00
1.101521261008749875e+01
6.760176083582799755e+00
8.679474631816887609e+00
8.030251405348147742e+00
9.974689051120655847e+00
1.092725217754955125e+01
6.960242650713414747e+00
7.593986631975966795e+00
6.033564123820280400e+00
7.192383545453045812e+00
6.337502219478768239e+00
7.147537416197807580e+00
8.404252109325089037e+00
7.245073545400471993e+00
8.359423669604730378e+00
1.268296974906834151e+01
7.992182802389820928e+00
1.301197963821898895e+01
7.569211782345777628e+00
1.158823720139963953e+01
6.844837176512717392e+00
9.008600937253309127e+00
7.428428231652840275e+00
7.601300706281608477e+00
9.713902638037595239e+00
6.914870880987263213e+00
9.357725062495319435e+00
8.623815354397274646e+00
8.191670374899578277e+00
7.072953647452012937e+00
6.159930984838563717e+00
1.026171825288168016e+01
1.042313279498690903e+01
1.271035358264742499e+01
9.822243272072437748e+00
8.750306434014483159e+00
6.083261873787119356e+00
1.192228347254921061e+01
1.142068632948009821e+01
1.003038195933457821e+01
1.155743308015946980e+01
1.082773303411781995e+01
1.022150013341946462e+01
8.651782295875452888e+00
7.511628583664921699e+00
1.083584395662307820e+01
1.222153438943584192e+01
8.727019986464188861e+00
1.014273800228621170e+01
6.304891172874067529e+00
1.132049373441317286e+01
6.440415152363110352e+00
9.242820553931196059e+00
7.429388987965538149e+00
9.046492561671040988e+00
6.246583925281218086e+00
6.867187014774232878e+00
6.982074504960891659e+00
6.530870155667676258e+00
8.723281314744525616e+00
9.239119942463993596e+00
1.009997127491495483e+01
8.637106609537445578e+00
7.563367571120277688e+00
1.157066979596362089e+01
7.067582100143972035e+00
7.907677953616387256e+00
1.093926441213511147e+01
6.210689395991872530e+00
8.617865573066671558e+00
9.449608432960399540e+00
6.227826227660141711e+00
7.409579865364707807e+00
7.053631673389891610e+00
8.928712271273882450e+00
6.123843311453481597e+00
7.089033472772435118e+00
7.684137705041264255e+00
9.350505129927016768e+00
7.004818022252470300e+00
1.116729440890966174e+01
9.384458648393648517e+00
1.298018813452536691e+01
6.838356660039903723e+00
7.209358520320757080e+00
1.035838734699975205e+01
7.856642954044718685e+00
8.685324637320372076e+00
7.219080173677433265e+00
7.414501251674322724e+00
7.094696804395143275e+00
1.126413910644556893e+01
6.811481976846700093e+00
6.327768122890415015e+00
8.847969007310737766e+00
1.094836660432441811e+01
8.243134058577854972e+00
6.236275149758737868e+00
1.288264372403708080e+01
7.157387014933812353e+00
8.528412118023542376e+00
7.016955346351888778e+00
6.103116281704187962e+00
1.028557568923914545e+01
6.098983975754196152e+00
6.559294423685404496e+00
6.276390186428252527e+00
1.001511851993371138e+01
6.460537976171409902e+00
9.885058284361353031e+00
6.557285270005797528e+00
9.875053100220135605e+00
7.377468678933952972e+00
8.501798221188307636e+00
9.549145189344386608e+00
7.347877986850114951e+00
8.810382210233628442e+00
6.620241755911729697e+00
6.444291882609458177e+00
7.548260599032253104e+00
8.840367664318826257e+00
1.139483164953412597e+01
1.044554483373243770e+01
9.461747199432203104e+00
6.641995014472467318e+00
6.226691133632077602e+00
6.261231331186517757e+00
1.205282659420301883e+01
9.702802243452779862e+00
8.156774211330050761e+00
1.215302005673496843e+01
6.521130317235396490e+00
9.500529809338424059e+00
8.455183319646490503e+00
6.908130680987296657e+00
7.189639325593605079e+00
6.091618439493335480e+00
6.926762008607583176e+00
6.332885898820912907e+00
7.872985610547256208e+00
8.332968727885056381e+00
6.050763809679239991e+00
1.066335542802013592e+01
7.522435629906953025e+00
1.039623364469005651e+01
7.440663861196772366e+00
8.994762283214434717e+00
1.183227762744424361e+01
7.082323690939331229e+00
7.071950208779568925e+00
9.912658294908805345e+00
6.730280164837644463e+00
8.027726937709230626e+00
7.929728828066415325e+00
6.007317475878295454e+00
1.045515752933947695e+01
