2.566953316709701838e+01
8.459489467985184419e+00
1.345006088774240993e+01
7.631469218851266945e+00
5.824405915662371314e+00
1.056498292891278012e+01
2.553572216468681688e+01
1.271210756025093325e+01
6.873905203056636992e+00
1.417644535265568351e+01
1.670060620604967383e+01
8.094252641396021630e+00
1.155348279584977078e+01
1.416445217391379785e+01
6.398191093676613761e+00
3.161635329069167355e+01
9.800927111961691196e+00
3.616305412596366864e+01
6.681560624826314410e+00
1.028967796825680558e+01
6.450771334468289986e+00
5.081864011268027781e+00
7.173159369549447106e+00
9.129216098145819913e+00
9.512837110286572084e+00
2.240798290009982097e+01
1.307772133189132902e+01
9.559534519618473780e+00
4.038125558707045570e+01
1.261999398783505022e+01
8.116690351084519861e+00
1.440336477273218918e+01
1.047667037267193990e+01
2.204033578854592079e+01
2.314633987522554293e+01
8.662708518397721491e+00
1.161048605671088296e+01
7.471501109245251016e+00
1.288162781848205896e+01
4.398122102051672044e+01
1.929840425610964871e+01
8.650824512655551857e+00
5.801925616558383680e+00
3.221325686820627254e+01
8.948926901498806430e+00
7.778108032333751254e+00
8.042302576968163308e+00
1.038555442447548316e+01
3.012632309715668910e+01
3.951334185696613588e+01
7.809255595773302971e+00
8.464360184872958826e+00
1.073634846691808242e+01
5.065767908351634929e+00
6.537390456872289590e+00
2.699835853195070001e+01
5.239017176648705920e+00
5.851566877405337763e+00
9.366746757894272690e+00
1.551775272339880729e+01
7.505402028894515354e+00
7.921869906959961405e+00
7.916193696288766901e+00
2.148350927690495737e+01
7.050476156651551918e+00
1.161163360538980882e+01
8.166829627227194521e+01
1.542932845640021355e+01
8.280010914590784310e+00
1.660099791840912076e+01
2.961826488991178508e+01
8.741334824633677059e+00
1.484831976674290566e+01
5.630651146589984890e+00
2.305300759271722200e+01
5.809679570706378193e+00
8.733514254294554746e+00
1.125592932505351840e+01
7.447611755829889546e+00
1.338189328443545101e+01
1.146718449168615805e+01
1.510370524010934545e+01
8.497372271656024267e+00
1.131750940285930618e+01
1.837839979132531454e+01
1.831522334613366354e+01
1.502082314631738136e+01
1.124596900526003118e+01
1.394875120280795855e+01
5.727106319271455526e+00
1.009893320193179633e+01
2.073710707378295837e+01
1.247899518246907391e+01
2.773490758070559892e+01
7.432427059330873220e+00
5.810078609786886616e+00
1.288112824257000177e+01
5.762629622226340231e+00
1.719105073753113189e+01
7.373700822068762761e+00
1.119055290225324839e+01
1.834404142928779891e+01
1.741068681376288652e+01
1.048103570153829622e+01
3.478657914362764814e+01
1.050739730720209053e+01
7.614615090376675610e+00
7.881233568202240747e+00
1.588946558085161875e+01
9.597326330251146231e+00
9.341124277249715391e+00
5.165594851303312751e+00
7.913949954821844379e+00
2.075082313140422485e+01
1.801692591740837202e+01
1.597947437629479772e+01
5.187200357271614770e+00
5.218889750978542352e+00
7.985512543820803444e+00
1.014652937604670768e+01
2.424059946267788845e+01
8.884250136525452035e+00
7.723320025022944790e+00
1.177323994491988479e+01
2.469211198768485360e+01
1.573481265260323347e+01
2.054063740080771794e+01
6.609076730275553757e+00
6.074328377295097781e+00
1.128334781254406849e+01
1.456197656189643119e+01
2.980661782470489385e+01
8.715791995183714391e+00
8.403997969507363663e+00
1.080295504139799689e+01
1.423988506588586844e+01
1.167812425890000050e+01
1.527078868151299673e+01
8.828351144676922502e+00
2.085547778444669120e+01
6.616690490832657368e+00
8.037263680053685633e+00
1.688636023487049798e+01
8.271837263026659670e+00
1.382468870650159154e+01
7.715145210594601011e+00
6.657220161178413420e+00
7.861776094849162178e+00
2.244246515024163813e+01
9.942583213534684106e+00
7.043424603205262535e+00
8.102242352782417001e+00
5.022198422662007999e+00
1.627841325024339270e+01
7.046134112611706968e+00
1.228885433930319948e+01
5.203441289152173077e+00
1.939019687783716250e+01
6.660570972522795508e+00
5.038238261979816279e+00
7.866986034762145863e+00
2.525468994594169203e+01
7.437152597495895634e+00
1.060103339428956915e+01
9.183588408004546011e+00
7.787945287646699910e+00
2.597720918629924114e+01
1.744698410680368283e+01
1.648096360403860672e+01
1.097419187075529834e+01
1.893743345167200687e+01
9.906243782107882367e+00
1.000674315849614793e+01
1.044617755487737298e+01
7.163036754903781222e+00
2.557961280862578235e+01
7.395345913045731301e+00
6.766764548995415574e+00
7.235085127899585800e+00
1.860156091124086686e+01
1.670698051104844950e+01
9.456447854676291342e+00
5.111022054196332931e+00
3.474977333159056059e+01
6.137403813770484717e+00
2.025319807924904580e+01
1.717592621966711164e+01
2.725475141763678266e+01
1.687649986640675337e+01
8.220214522895489040e+00
7.110829035676285770e+00
8.794545891531067028e+00
6.816079835754553784e+00
1.517158455924596794e+01
1.901348061807229328e+01
1.331759155263354799e+01
6.647270719969482045e+00
5.304811513951039892e+00
1.194765137332870886e+01
9.969189014508396340e+00
6.782188240234562571e+00
8.671989202607225167e+00
1.123777114104422381e+01
1.301734083456721436e+01
1.017994346468005951e+01
3.343278083500931785e+01
5.378631622027228332e+00
1.358842127690247459e+01
2.422436345436263494e+01
7.159410070878216459e+00
6.923408173307253222e+00
1.649170613394801777e+01
1.033007603175727240e+01
4.380601550923613274e+01
1.211570311611521689e+01
2.555764629361359752e+01
5.098285444165761682e+00
6.342991777202895420e+00
1.422672029134409399e+01
9.309225550233367841e+00
1.946138267539231492e+01
9.481500906962679665e+00
1.498609241864422614e+01
1.168063612569125276e+01
6.021790359460055697e+00
1.512540157719747214e+01
1.480352753918144515e+01
5.983835469534952267e+00
1.160267390329255832e+01
8.271569490877517694e+00
9.912466971838885144e+00
9.395959121978282980e+00
5.885436241425875181e+00
6.376020517966408008e+00
5.726478395858556780e+00
6.709972865675416287e+00
2.030840106856794236e+01
5.198626698360469867e+00
9.519681856565080480e+00
1.791304680462403098e+01
5.845179605912655951e+00
7.067198404451145777e+00
1.539916346148518045e+01
1.334282730191297084e+01
1.162301305306567656e+01
6.506467378532258650e+00
1.765968132994755280e+01
6.219748473977563030e+00
6.158337212981074060e+00
1.767933009822571222e+01
8.686427248031701964e+00
7.998910515093223594e+00
7.613291140476553309e+00
8.144010120508530903e+00
8.331249144829453002e+00
1.453550262461009979e+01
7.198255253946454602e+00
8.148210718998260660e+00
1.697643125950747134e+01
2.454863510008770078e+01
1.259125460969810462e+01
5.888509355133546563e+00
1.123983721171156702e+01
1.290613741744873622e+01
8.015635776010190838e+00
1.908210376280535314e+01
1.718897439032735264e+01
1.185110426762390645e+01
6.253376347677509273e+00
1.456225783428634202e+01
2.305696849834564333e+01
7.302535156566849039e+00
3.049241062763393018e+01
1.680283727296155405e+01
7.857075536267226212e+00
1.267402687965635977e+01
7.943596769422222259e+00
5.838155532735695985e+00
1.890493083735666602e+01
1.376829369474071463e+01
1.261535677419588630e+01
6.226821539754534562e+00
8.790514092505645749e+00
2.174093274238962437e+01
6.426360216706031636e+00
5.392705919492594369e+00
6.697148952973211777e+00
7.303376886601373741e+00
1.724658605365723929e+01
1.335620872766474143e+01
5.139959151240346635e+00
5.139526914011677938e+00
1.169422708099946817e+01
1.302552475436224100e+01
6.072109268110404301e+00
1.254235398299924142e+01
7.199199943708864069e+00
8.284480633190590027e+00
9.205234625635537071e+00
5.988148786863289885e+00
3.139496359019756966e+01
3.412512044777238884e+01
9.710321669157369939e+00
7.381498095662085035e+00
3.047472212197114771e+01
1.863251205829959289e+01
1.530546429989855817e+01
9.956375537803310749e+00
9.228912586645650507e+00
1.708939396147103196e+01
1.086531728638606253e+01
1.364418641454201797e+01
1.168124401484281805e+01
1.496351024791446882e+01
5.790655025577552628e+00
8.793649567108179355e+00
6.462629692696376438e+00
7.217038484922162489e+00
6.793395425263436316e+00
1.059851162232642352e+01
5.153405377230013684e+00
3.158669440818512797e+01
1.085450245387536938e+01
5.432030572855455652e+00
1.416698575880086608e+01
7.505509477736895363e+00
5.903267818446354731e+00
1.918995862011248477e+01
6.764251755322712611e+00
5.885256307668718101e+00
5.468718394913000047e+00
1.543204676476447368e+01
1.351997916248820530e+01
5.065863507264753096e+00
7.002890334461149280e+00
1.475762113996649738e+01
6.320326073855731863e+00
1.187835286591324646e+01
6.917806916010352580e+00
9.771566076365598263e+00
2.116473709143990689e+01
7.883128174960964962e+00
1.426619493412073680e+01
9.614031748333539795e+00
5.808781398585320943e+00
8.578238181946790775e+00
1.972491242772394315e+01
3.390906046308922583e+01
1.991885766501843591e+01
6.416078066686107917e+00
8.391183205468601969e+00
1.923176439077409583e+01
1.145762418582645736e+01
1.697551218172685594e+01
1.703281677485499301e+01
5.589929305534951709e+00
8.353347355811838071e+00
1.021637212273338591e+01
2.823613048435838024e+01
2.328022506029550698e+01
9.399747549603802099e+00
5.804451500930597696e+00
9.147399227379914066e+00
1.114129930903793309e+01
2.378042464548084212e+01
7.795089908399239320e+00
7.955350953114692203e+00
1.289334580380370099e+01
1.062867657001349819e+01
6.743944294709761422e+00
6.250678829725551111e+00
1.037887340624709864e+01
1.709090542029911219e+01
1.707063440973983504e+01
3.477244020838580951e+01
8.859437042130423379e+00
8.980502740653307114e+00
5.014569216574008337e+00
1.917176698358859710e+01
1.332188167383173827e+01
1.675469930533299490e+01
1.008843850592963065e+01
2.522520145500805810e+01
5.236368112728071900e+00
5.979883240527014365e+00
8.773061531213134145e+00
5.711575735823816835e+00
5.735938880176509436e+00
1.169378840905202921e+01
6.948015263607867809e+00
1.287945240607823294e+01
2.620578092237709100e+01
1.889281795800179609e+01
7.284731541974936775e+00
5.751522697517859051e+00
2.899671252594457727e+01
4.661814167935620645e+01
8.753566358209361908e+00
9.939528911007794676e+00
6.256353067050307359e+00
1.490798379025668652e+01
9.383148594570258183e+00
1.799702746130826370e+01
1.188867833209582514e+01
5.349808066438046517e+00
8.263199044142119476e+00
1.822695834572338924e+01
1.432093729790920555e+01
1.300895116601062007e+01
1.393025119214578211e+01
1.243170299558454417e+01
1.319823411270943936e+01
1.274954248675006241e+01
1.109874240087102493e+01
1.634218529712762802e+01
8.689842632583509641e+00
1.015848878266199051e+01
9.105955800231170016e+00
6.877787633923622579e+00
8.107553858614938491e+00
5.452690454067447234e+00
8.150596589327838259e+00
8.962021352186699374e+00
5.784291199852440890e+00
6.992360233852425111e+00
7.296570045030554397e+00
7.064677644225742625e+00
8.448992428326654647e+00
6.252071313539040887e+00
1.551927534776302942e+01
8.356368512524474212e+00
6.044198047774256288e+00
1.220333475715318983e+01
6.584175808053209344e+00
5.478478356786935954e+00
6.426242432772433233e+00
9.357745845910537597e+00
1.446053436982582063e+01
1.320663269541365814e+01
5.041756621487796686e+00
1.761153272672252967e+01
8.272024214898989314e+00
1.410836969501285232e+01
5.265750871543921185e+00
9.004207364571374939e+00
5.158442709162724071e+00
1.855759356200888988e+01
6.655870415042445032e+00
1.398032007587200454e+01
7.595500579108332317e+00
6.163454135872967754e+00
2.630790473447849109e+01
1.223143194754251795e+01
2.270422580338211915e+01
7.929179062485388840e+00
1.916790948260445049e+01
2.773480161982368131e+01
9.022645704403185363e+00
2.375818509428302860e+01
8.264777463990830242e+00
8.139601357908267332e+00
4.865413963563533883e+01
2.936113633090014119e+01
7.076576129492304190e+00
1.952196221263463372e+01
8.353971620462171899e+00
3.599911805535271014e+01
2.016723932092789795e+01
2.382423430480337956e+01
1.182039857037588249e+01
7.786835556239308787e+00
6.760436680459989134e+00
1.100403980345190291e+01
1.390613049611581786e+01
1.583181428600711627e+01
6.494331093533710408e+00
1.114103488452845880e+01
9.583166103397410041e+00
6.867816175324206185e+00
1.144089909368824820e+01
7.582757799366751428e+00
1.112668165916366192e+01
6.786241934256182162e+00
2.341608501751343141e+01
8.301160478089609995e+00
1.253973490916593292e+01
6.040258913091461679e+00
1.295438992573290449e+01
7.540077147482204367e+00
3.008576656111031866e+01
9.009039117955872200e+00
1.247984558418106360e+01
6.944865863689514640e+00
2.081370518181738305e+01
1.805072500625993115e+01
7.255034857466988285e+00
2.435731273289092869e+01
5.327867910762490666e+00
1.617312141643682821e+01
9.897977707029030014e+00
1.943678317721504456e+01
1.001117836187186505e+01
5.542652046240874597e+00
7.055107807871435099e+00
4.644403958134364530e+01
8.253858518636903341e+00
6.397734454203188648e+00
1.811220374389827725e+01
5.368936470888187706e+00
5.549732575593155026e+00
7.825092883607467797e+00
5.388489709981973519e+00
4.861675486194851459e+01
1.439864956927725181e+01
1.086486371585084854e+01
1.808487493198034457e+01
1.368920528109061507e+01
6.522168116676491323e+00
6.983935854749642402e+00
2.118112013573595220e+01
8.287375678716440319e+00
9.748447133263070441e+00
8.969279042518461864e+00
5.427457795874349955e+00
1.475468751624555885e+01
1.121351878124472279e+01
1.401955366366505551e+01
7.608405406071222288e+00
9.179325685079497532e+00
6.711981641595334835e+00
9.353441103333926421e+00
1.347878140064632468e+01
2.815827404902427133e+01
1.371223956774212560e+01
1.095821444135708589e+01
9.307866396661061970e+00
5.892367373976168388e+00
1.018652707321563966e+01
6.348372645661676472e+00
1.198177402529536195e+01
1.548199072965498679e+01
2.842393283139388060e+01
7.817512936149931591e+00
9.045451539041781785e+00
6.616458882415201082e+00
2.182597383334331553e+01
1.890168124411869854e+01
1.693181317411919906e+01
5.471972909602873081e+00
1.150841916455367908e+01
7.143177387709493509e+00
6.019805635863871629e+00
1.717189615548069526e+01
6.901808642593288745e+00
1.055817516952977542e+01
1.097400995693069703e+01
6.919083381249750531e+00
1.042230456428607610e+01
5.434128174638354736e+00
5.000579618104752377e+00
2.198359924103968055e+01
9.297202134328099277e+00
2.403743977425818557e+01
1.048631230135949011e+01
9.512521499022536631e+00
7.806817043281199631e+00
5.681752782558220360e+00
7.964969935870307438e+00
1.250155052328593719e+01
1.651035244346509145e+01
1.122660004259604527e+01
1.635900253934658366e+01
6.373442291740030186e+00
1.200195678803924437e+01
2.213756687526475631e+01
6.966797234893006063e+00
7.066735876822788143e+00
1.604035190189501492e+01
1.837292327076522014e+01
7.280644524527659200e+00
8.222586456170063229e+00
1.299236726282412846e+01
9.065721779829175375e+00
1.282556249514831492e+01
1.048826090730318583e+01
1.688542870835198073e+01
1.996063892694169795e+01
2.095064543886722674e+01
1.256421329119240937e+01
1.258605198133457570e+01
9.777561636834416703e+00
5.224019842010665826e+00
7.844036112852434073e+00
5.526535234576426703e+00
9.606971060886918323e+00
2.014955348953320069e+01
1.226662053172581324e+01
1.400456163840877721e+01
6.666118050624820768e+00
7.429983788872558392e+00
6.424712878519393655e+00
1.979623224018401118e+01
7.631511214075095140e+00
1.161025316458772494e+01
6.217088738620587307e+00
6.059012211192731812e+00
8.416575261322327250e+00
8.208038457168918001e+00
8.190139506992403895e+00
1.234900338155531685e+01
8.038263757675284893e+00
1.671355837856354754e+01
5.760384473857834031e+00
8.141803125007541553e+00
1.384976434947653345e+01
1.238918405248830368e+01
6.018264714153056971e+00
9.631029968998873869e+00
7.959488022278702779e+00
1.299456253343848822e+01
6.112903796072711948e+00
1.388303211847587093e+01
9.986469800401810204e+00
7.571455158703265909e+00
1.600897798073066269e+01
6.665151434865250302e+00
6.321242163924150503e+00
5.123800480268101865e+00
2.080355616487896242e+01
1.042394927000597349e+01
1.081719998422480344e+01
5.975195521843555291e+00
5.912305674663969057e+00
8.249123547502374976e+00
1.080917618459193008e+01
1.465507548660117720e+01
1.053351165848249238e+01
1.924933088859194896e+01
8.790709636402388227e+00
5.227920042574839776e+00
9.443129642875705443e+00
5.710672698253089763e+00
8.109506164893501179e+00
3.868056659983398049e+01
2.057912835910215676e+01
7.158273207798539595e+00
8.772357649563186754e+00
9.513320796252205724e+00
1.654692726252830681e+01
5.272236985113077701e+00
5.315107264338422510e+00
5.996508580784939646e+00
1.291788332501977266e+01
9.282949749284966856e+00
2.011986430931969849e+01
7.673247740509827608e+00
1.037503215573141091e+01
1.481481289133160573e+01
1.130320119518527378e+01
8.047740831605068479e+00
6.324119243531491463e+00
1.122273144202663886e+01
6.226668797605330319e+00
2.741508043715656484e+01
1.121032811799444673e+01
6.538153897097839007e+00
1.520210498674449440e+01
5.874477041423427970e+00
1.681482338915823505e+01
9.889428270138880706e+00
6.138611814590027471e+00
5.303368286887839567e+00
4.513885509567103327e+01
7.565701435942501440e+00
2.933397884267770195e+01
1.057461291886303201e+01
1.059356965549581986e+01
5.763895085001804475e+00
2.907959387253866268e+01
1.556093340966734395e+01
1.085057875090305757e+01
6.025004941621569188e+00
6.545538506629685394e+00
9.527417777591860926e+00
8.598582024597039464e+00
1.153406142719841299e+01
5.635324349618319850e+00
5.329459970265160607e+00
1.072482898366543935e+01
5.231323452846145194e+00
5.491190980856394788e+00
8.777218152195750633e+00
5.510158595022121908e+00
8.895175387173328119e+00
7.213942502468661644e+00
6.663776747930679534e+00
9.149247358536722885e+00
6.021793434602157546e+00
8.441826001052454842e+00
9.565647264056607924e+00
1.917579341713410912e+01
2.660139229527160509e+01
7.949268081156375843e+00
7.769747573131461138e+00
1.168724511065346050e+01
6.182567353843523961e+00
8.442721770961270522e+00
5.437477607895918830e+00
8.812271483264492389e+00
5.969673296551011532e+00
1.160087454240781746e+01
1.320870492703368804e+01
3.979897688929129629e+01
6.736682141235899479e+00
6.857496050933453269e+00
2.856328243164161407e+01
2.099858861933275023e+01
1.265802792035124291e+01
1.973132479811576445e+01
6.882661753636974744e+00
2.157361720866402521e+01
2.115776744491306616e+01
7.281345862155937709e+00
1.068028495457186189e+01
2.624832339117278224e+01
1.409425234272586103e+01
1.364270086755098887e+01
1.156356557130617091e+01
7.504891424945096645e+00
3.568619089336479533e+01
9.746554431058573442e+00
7.985339856284180193e+00
1.543272365625579035e+01
1.248592556142227039e+01
8.351337157703040859e+00
7.896849800373262340e+00
6.931546656259661709e+00
5.653902266438301183e+00
1.286181442351522897e+01
1.063679830653274472e+01
7.141450471258012911e+00
5.453617066202560260e+00
5.152655813250232697e+00
1.573044344211310985e+01
6.668534373979874808e+00
7.480988005539790819e+00
5.113701741195574968e+00
6.306168331819384854e+00
2.160013667633332091e+01
7.217217227813561564e+00
2.962564453206452697e+01
6.436333043619073102e+00
7.336321333681894430e+00
2.118206846576578428e+01
9.449490145420313070e+00
7.493928821566171905e+00
1.444240863386889195e+01
5.420697503442373666e+00
2.270233366412815101e+01
1.973911247881984821e+01
5.717621359694483374e+00
1.782044307665314875e+01
3.098858812197235579e+01
1.041928709100606198e+01
1.171747784720746566e+01
1.411039438432108817e+01
7.481897015812946528e+00
1.339083808867033021e+01
1.015283733981502579e+01
9.160839074160787021e+00
2.364800490226725671e+01
1.779206434286104255e+01
2.681879733216844386e+01
1.949497050108558938e+01
5.341678545652902343e+00
1.246199124271552705e+01
1.456901283838598005e+01
1.374559513608330974e+01
7.539155121688249750e+00
9.435856823507403845e+00
5.318489528463927307e+00
5.790558976322528473e+00
1.157715711884262966e+01
1.198607531538811877e+01
6.797450771157969918e+00
9.756596426511778830e+00
1.011044265011215870e+01
5.091212229136253598e+00
6.230066698585762452e+00
1.283171583097140811e+01
4.449176727704323753e+01
1.340753624945105749e+01
6.024636916309506596e+00
1.878265810921647372e+01
9.518562560922761762e+00
5.699293482690118040e+00
1.232681829056409661e+01
7.070643547112726246e+00
9.313550411337899959e+00
8.065257325354323825e+00
1.323688376193162242e+01
9.511486264830038451e+00
5.878359047659525771e+00
6.943460204175699424e+00
1.055230499687099766e+01
1.745416512777288176e+01
5.078328331443307420e+00
1.258281434858146497e+01
5.985315745079683225e+00
1.241172706409710003e+01
1.950260498852250279e+01
7.075172231792684840e+00
1.047373345115640930e+01
1.689963593830628952e+01
6.544576900786567286e+00
6.324292696889337151e+00
2.383489065409719743e+01
1.449028522284539555e+01
1.567184293906911918e+01
1.986158549520389016e+01
1.120225012445433954e+01
1.036178366674531048e+01
1.150008404222565872e+01
1.509897502251695478e+01
8.966672554928916128e+00
5.800050084318466581e+00
6.165728401741096931e+00
3.416746644827497903e+01
5.424823972263990157e+00
1.494779141291121149e+01
2.801386164526092060e+01
6.107290673470624931e+00
1.524868493797040259e+01
7.881524336837475886e+00
7.163611209503347510e+00
2.031806952798490329e+01
2.420632052894656283e+01
8.410044019647799018e+00
1.301146801095552519e+01
6.548072523595509509e+00
1.747602290454831930e+01
2.204519747969560939e+01
8.069695688404806333e+00
1.346668285840429213e+01
2.172678344828105068e+01
5.123954605955935548e+00
2.048884167617382701e+01
1.179119422699391606e+01
9.275693949058192445e+00
1.091547007758227217e+01
1.890098931645429658e+01
1.524480223585191219e+01
1.056544069620304427e+01
1.035001466791921665e+01
2.336151707114751019e+01
7.115289781940240310e+00
5.804767924081614794e+00
1.408149947801444490e+01
1.469097990883931004e+01
1.172178936658593962e+01
7.436309957154259465e+00
7.807281995883196934e+00
1.267866532209844088e+01
7.550172018648027006e+00
1.053911913741656292e+01
8.228627310899831571e+00
1.071395619964311763e+01
7.084312006970563402e+00
6.765776666637835390e+00
1.559402183132050723e+01
8.898533592285268412e+00
7.117624366398214164e+00
2.063914549093304629e+01
9.109310200347387365e+00
5.985210842015226795e+00
1.484932599960805533e+01
7.627721311182432018e+00
1.166373031115873005e+01
1.281880069095607411e+01
3.128319635461228287e+01
6.696651705727486359e+00
7.674523554793481139e+00
2.653188508283643188e+01
1.513509938170341051e+01
9.772970966377858559e+00
1.561736570875680385e+01
9.267094093704292490e+00
9.221760562132129024e+00
6.360773527709460140e+00
1.090596388703531616e+01
7.437697200879378912e+00
1.303209385094411132e+01
9.068042313795420029e+00
2.037791796539676170e+01
1.680494318128798881e+01
6.280723123415115516e+00
1.215411997668972433e+01
1.500685566225363665e+01
1.077963433915534708e+01
5.967830632065275864e+00
1.059730521371052170e+01
9.537742738933317810e+00
8.153287169006690149e+00
1.198844751703360423e+01
8.142827757432151259e+00
7.148859243889539528e+00
1.565145831090338113e+01
6.919988634522972859e+00
1.808988037653176661e+01
3.596743477035442282e+01
9.656263511927868137e+00
1.838722125469055868e+01
6.474919336809504600e+00
1.776836402742223697e+01
3.126031165469542827e+01
1.082229649309566355e+01
7.362701662402889369e+00
6.402700191670884777e+00
2.487542972338560077e+01
8.139276100196301655e+00
1.049738020937969907e+01
9.545259025807453668e+00
9.570488581937709682e+00
1.659415479842888175e+01
2.688645329563528108e+01
1.310185530717642521e+01
3.019819853063928861e+01
6.690161245175922033e+00
1.163975348028841594e+01
1.425434731318702397e+01
1.504146438575171807e+01
1.627969638907396899e+01
8.241522386584636095e+00
2.210976795531215444e+01
6.129795264613420613e+00
7.611779217044917445e+00
1.005963837935112437e+01
1.217186743647302904e+01
7.799685215706132269e+00
2.407258665534158126e+01
9.809604212466332740e+00
5.845883212823009600e+00
1.867635429952758130e+01
3.192368393618315636e+01
8.401192376635396641e+00
1.147104307100494935e+01
1.199870706207770255e+01
1.794060421757800583e+01
6.317471572704870475e+00
1.972360193381028992e+01
1.522984383329717772e+01
5.284355031500846067e+00
1.169457328692293530e+01
5.227473719593397128e+00
1.048841842800637281e+01
1.231859681370323223e+01
1.306022724862733853e+01
2.592508115821628323e+01
7.819835986967785146e+00
1.989226537900037073e+01
9.815069980528166482e+00
1.379545762777400952e+01
1.819972222467001188e+01
1.530002860986201085e+01
1.769752146524746905e+01
1.308633906756272935e+01
1.790678874971651879e+01
2.417635103876995473e+01
2.378223652566950008e+01
8.178644898147240383e+00
3.359664630234082239e+01
5.475172478199741732e+00
1.266529565966235893e+01
1.046913293854322902e+01
7.095865826226942730e+00
1.112829046506012531e+01
5.545842381705657687e+00
1.145436503990608657e+01
2.041873366142232271e+01
6.215633934035552421e+00
8.148515859258978367e+00
1.297834206916619770e+01
8.561567568839389963e+00
9.289188851000734104e+00
8.305368561237681746e+00
1.027259286743250044e+01
8.736970504611809574e+00
6.246200337412768810e+00
6.773285172875374016e+00
5.660504161492045050e+00
1.004373910209140419e+01
1.993551674205099289e+01
5.759331592401281341e+00
1.360054506325812440e+01
9.360896071065228696e+00
2.140720720834574564e+01
8.611823737964012793e+00
1.448496168483717028e+01
9.074776759109980162e+00
1.124618821553239201e+01
