1.793130649893616635e+01
3.350050542076724014e+01
7.159165296754840035e+00
1.202482624187066662e+01
7.134984864480528266e+00
6.247829131864376606e+00
1.702504207432420458e+01
3.872504478544360040e+01
1.323891575044074287e+01
6.601518937568196854e+00
6.509722966862724114e+00
9.021407007793190047e+00
9.835701779424969260e+00
6.030991827318831433e+00
2.079593428212808703e+01
1.105761736258640937e+01
4.960742707507231586e+01
2.324346058117264491e+01
1.155760802192266645e+01
1.389066167808774388e+01
9.021461110436680642e+00
8.891847271892528326e+00
7.115981470694640265e+00
1.230670274790562324e+01
6.681598827409663599e+00
1.073714823101038007e+01
9.105612906717208688e+00
1.850552536937635040e+01
9.842961268588634738e+00
2.454120827989239118e+01
7.681131866789526974e+00
2.733679106302631467e+01
1.319717302529788228e+01
7.024863657512154802e+00
1.157965435696492840e+01
8.494904043252379466e+00
1.705958205318793830e+01
1.442856315391662569e+01
6.518326653634497703e+00
1.032404355283063069e+01
2.345258819607907341e+01
1.019165155709821491e+01
1.688908605007317831e+01
6.962733591044701242e+00
2.213423585418656359e+01
1.158418058211076662e+01
2.958654150410526995e+01
1.216577713133285421e+01
1.773052026064892317e+01
3.463701420822890498e+01
1.645534206450485470e+01
1.288823595243011866e+01
9.654591105868274070e+00
6.347646074736281285e+00
1.053276062113803846e+01
1.025476616335935276e+01
1.985565877078341046e+01
7.678390973558278709e+00
1.685838599214687861e+01
6.306298450538421640e+00
2.339813287059146063e+01
1.481957937390060032e+01
1.039159602610943267e+01
8.468606375042179835e+00
7.630660124275368439e+00
1.304826009690565769e+01
1.022429886216191797e+01
1.687014619247419489e+01
2.498187633483323822e+01
8.803856658273041091e+00
1.439629977049177789e+01
1.039545327617301673e+01
6.349433521191857110e+00
1.364509122077614833e+01
9.616713289347737614e+00
6.110568947796506833e+00
1.111351522468940445e+01
6.769170561852746459e+00
1.391454078326445654e+01
1.198076552300429753e+01
1.155075928193949863e+01
2.810164050197233010e+01
2.299065106162615990e+01
1.601226087070722315e+01
1.289329754852478160e+01
8.326769262650033809e+00
6.065570121977457596e+00
7.019347117781348899e+00
9.088762124569257139e+00
7.752493606389041503e+00
1.275183167855861832e+01
1.212487967881377671e+01
9.951635893658997034e+00
1.889731402542999206e+01
1.650902604324067724e+01
1.531501385518140523e+01
1.158809632486490138e+01
6.355337842334531473e+00
1.046931812945355134e+01
1.153209749595247757e+01
1.075144941774860996e+01
6.035877342548027435e+00
1.445428729608024199e+01
8.380704067220902331e+00
6.365494002568497400e+00
1.160086858949945388e+01
2.626075554658137534e+01
6.239058771546674542e+00
6.110695061783716575e+00
1.308896541465687235e+01
1.226433418593965818e+01
6.126648001136449473e+00
6.870208519861543017e+00
2.048238485231823347e+01
1.082116575665799019e+01
7.062650968006976449e+00
7.356068605954559914e+00
1.356210600959299306e+01
9.187907948369513633e+00
6.208331077002819498e+00
1.408521781137583240e+01
6.263102809725229925e+00
6.934787316841902083e+00
7.383104722986425728e+00
7.237133576682355240e+00
1.746919943561922750e+01
6.784832644677924129e+00
7.287376618361747660e+00
1.073940345228320936e+01
7.207361675565977066e+00
1.699290373244313557e+01
1.135147513351965287e+01
2.293836995974076132e+01
6.310890304013646812e+00
2.145912534748037359e+01
7.336099890327903772e+00
2.679013061077669278e+01
9.156689305734275308e+00
1.171959362585833730e+01
6.191834362814405246e+00
1.644919339105030076e+01
7.924060347331501220e+00
2.587446191432808718e+01
1.467263631690996384e+01
8.668346670328963555e+00
8.418669363667666161e+00
7.495256882619875327e+00
1.895067551227530700e+01
1.061681677539824165e+01
8.594166667426499373e+00
3.043019891388046005e+01
1.896564250416418673e+01
1.306097186045868064e+01
1.897405405799756295e+01
7.023819272858482066e+00
1.492192891193827364e+01
9.134291610992972821e+00
1.530543618619020485e+01
3.208949338212725877e+01
1.812610858482104703e+01
1.266955805709974925e+01
1.694867948536544233e+01
1.105388334489143887e+01
8.627423432861007768e+00
6.331861368182194916e+00
1.504585421215884722e+01
7.230725879291981961e+00
1.091983510338663166e+01
1.479100761722092017e+01
2.375286674797084530e+01
1.351982536229325227e+01
7.964388223996959226e+00
1.114047905178841624e+01
1.481181274822766625e+01
7.738460136841535331e+00
1.653927625992139383e+01
1.754543195059235217e+01
1.191402082801040052e+01
2.166069385821028703e+01
8.036452905399855240e+00
1.217297882851018898e+01
2.396693031265175122e+01
1.574326253408264975e+01
1.915531261603477731e+01
8.009186623298244712e+00
1.280366029245319481e+01
9.133003148026801910e+00
1.460502214197027016e+01
1.191536617926474229e+01
1.385706866750705224e+01
1.369176986087962256e+01
1.666766700907637500e+01
1.883091923559442904e+01
6.511000221229960694e+00
2.971028046022503588e+01
1.017300200835290269e+01
7.491571737396323094e+00
2.640633277231295750e+01
1.825949702762371629e+01
1.036269902278678856e+01
1.332861632703535903e+01
8.051506381051904526e+00
1.026362005741045635e+01
1.009914768561236720e+01
1.722070515549774683e+01
1.052117036075203771e+01
1.724777482699655806e+01
1.848820839617275169e+01
9.897131396091603861e+00
1.063945274687166531e+01
1.188369553993713978e+01
6.028134983992488038e+00
7.735850616868348517e+00
2.102571317253428873e+01
1.744833582428757879e+01
6.642322270662408989e+00
1.406062076040494624e+01
6.167626794754010433e+00
1.211205438886947938e+01
7.408950300985450710e+00
2.136323701741817160e+01
1.363225693452096188e+01
6.528966816229146986e+00
1.420112218669443394e+01
2.381968820764814865e+01
1.658524662304342456e+01
6.979170050774004430e+00
1.475122548961447322e+01
1.354729527774788878e+01
1.398330120781898245e+01
1.868429195361586181e+01
8.904064093152692649e+00
9.513853001023290901e+00
7.803330431120303778e+00
1.088776231894463109e+01
1.021893830928282654e+01
6.702800824632517696e+00
8.222978916256618476e+00
7.022008663252714555e+00
1.246861505131685988e+01
7.658816430087918903e+00
9.151481065382586877e+00
1.958848496968273523e+01
1.278623885089866619e+01
1.186481128549496233e+01
2.911121788300552993e+01
1.060079988505818704e+01
2.320860613129021033e+01
1.289923252270341614e+01
1.015806293701454877e+01
9.398065111965657081e+00
2.469558917345541005e+01
1.266378758324045251e+01
8.319755512169372480e+00
1.186290597702529936e+01
8.299013150396095995e+00
8.202538884173858236e+00
7.106204817815111596e+00
1.535165797346668093e+01
1.815106152818682972e+01
9.127906904758862794e+00
1.021153067828898031e+01
1.860292388303600575e+01
6.131500471603795077e+00
9.237694594758593780e+00
8.940666759715357514e+00
1.227248615031590262e+01
2.402040293807519689e+01
6.330883250041888566e+00
2.080043358146337340e+01
1.251579240993743980e+01
1.308739060520606401e+01
3.116605068932045697e+01
7.098324569074166313e+00
8.590825470446844747e+00
8.091456413730295338e+00
1.106153524465615945e+01
1.293676443619667538e+01
1.641159655598150380e+01
6.435980698772850950e+00
1.044281103006333922e+01
2.664510508188382687e+01
1.096799309647317955e+01
1.961342212792616735e+01
6.950086369131065922e+00
8.736336432233125393e+00
1.663619416563078346e+01
1.376923338784638950e+01
1.068371325294369356e+01
1.484301695493557105e+01
1.779115897315813299e+01
2.422381961875546708e+01
1.064362260288281448e+01
1.423141450634764205e+01
9.843150956988898415e+00
2.694383321148458066e+01
1.124193701060293904e+01
1.022815648074766770e+01
2.843709558872815180e+01
6.015705661919423797e+00
9.227390631202979421e+00
2.057142957862730270e+01
1.080379069180481544e+01
9.426428066240992720e+00
1.309029145662714555e+01
1.014919341143311371e+01
9.197895754676171265e+00
8.473679055038919827e+00
9.003897427603369863e+00
2.663324945259322973e+01
3.168585887448294613e+01
6.832496176055759207e+00
1.663670796847398492e+01
1.457800709386671123e+01
1.397498976754398115e+01
6.267158370744570384e+00
8.555626916479511124e+00
1.696660875490461251e+01
1.147836646818448614e+01
6.193426389609833826e+00
1.198108974261997695e+01
2.106073522370246920e+01
2.285747907873901141e+01
2.431150548999755046e+01
1.199490283093863319e+01
1.103338439475487931e+01
8.241358913862480762e+00
2.208395635615523034e+01
1.886979235126414878e+01
2.193583416061367686e+01
8.048898433310800016e+00
6.824265205610801743e+00
1.559042467881289440e+01
2.554869071195406960e+01
2.587062733838344641e+01
1.201692041475617678e+01
1.422012995001459323e+01
6.950999788480979547e+00
8.575845186379407181e+00
1.217321218747007450e+01
2.301353227289836312e+01
1.129535472990614409e+01
1.318580404257607697e+01
6.457105353188168806e+00
3.274055875604987875e+01
1.142492139930921979e+01
7.397403023294279123e+00
9.311660202803913933e+00
1.176097954577547355e+01
7.192774660960539634e+00
7.751686733668922358e+00
2.580569526391485979e+01
2.248041177128616042e+01
7.043622648349492366e+00
8.616905892585654314e+00
1.407568115551753607e+01
8.406177917716142645e+00
6.016688424480820530e+00
1.566423661858290473e+01
7.716231845686030155e+00
9.143813828306271319e+00
8.671890709935505370e+00
7.322480903028233179e+00
7.166544917843568285e+00
7.252421120270470034e+00
3.341007508535815873e+01
1.638189934370629075e+01
2.851734250201156939e+01
1.278046185258559220e+01
9.215874494846616471e+00
7.432313359220175997e+00
1.128321441236944622e+01
1.144024480845281388e+01
1.802154061849489608e+01
1.201366269053924007e+01
7.733816908781935062e+00
1.946427532015224315e+01
7.280561455598423493e+00
1.202171707462518491e+01
6.347179111580712352e+00
9.685889721990092127e+00
1.491484058028038007e+01
7.194578251605972419e+00
1.195350286965546260e+01
1.219206737845682653e+01
2.520644592970087672e+01
1.102830990043452530e+01
6.652725571682164052e+00
7.262005292463301842e+00
8.579387842683596332e+00
1.883377302978160373e+01
8.356131829186136173e+00
1.352117004088744423e+01
6.652992970343443169e+00
7.806631425571648464e+00
1.372264676030674124e+01
6.826356798654546587e+00
1.605737390775343698e+01
1.076961873771281475e+01
8.623314498246010373e+00
2.256545629220791227e+01
1.494623083832940402e+01
6.530694492833072573e+00
1.487409365311264509e+01
7.768957172245767318e+00
2.623176239877537697e+01
7.335353377785919449e+00
1.367128048138855689e+01
8.220866578876922404e+00
2.880149420772537994e+01
9.138028476117359133e+00
1.312569664344179188e+01
7.109586327856304067e+00
1.122175688697049623e+01
1.350903287165066047e+01
1.778165975643489105e+01
1.251470301451935896e+01
1.572833210152761296e+01
2.167658882773363160e+01
8.836922188109582521e+00
9.326147249213383006e+00
6.240159802053417692e+00
1.246418818952207630e+01
3.447149588888767369e+01
1.665756211219277105e+01
4.523456400832493784e+01
1.084625071777441718e+01
1.700991516854770680e+01
7.406342736182063291e+00
1.038554075690371192e+01
1.425392406972032333e+01
1.078723632028477653e+01
6.241382722959685658e+00
9.048240047984231538e+00
1.501776729357987605e+01
1.002277657224340146e+01
1.075952877746243708e+01
2.151349626852740471e+01
8.511012910748474880e+00
1.365547724067267410e+01
2.095451115755670912e+01
1.916676676252476597e+01
8.182070944305046112e+00
6.419528638794963271e+00
8.592863180333885964e+00
7.552595507263736962e+00
6.224815487758720067e+00
8.903402851179247790e+00
1.188528800977430322e+01
1.440587126002430196e+01
9.797174117471438848e+00
7.828092691713618656e+00
1.273885995922443826e+01
1.716643731632021996e+01
1.549828091355542092e+01
2.155842129051688261e+01
8.450756028045502077e+00
1.159348028976154410e+01
1.136228258605567554e+01
9.103940168088227480e+00
1.527763131497355253e+01
7.153126810841794914e+00
1.908416636932131638e+01
6.298451900659795655e+00
9.930535284361138082e+00
1.347808902540584342e+01
1.041823930993750480e+01
1.452975277171334234e+01
6.316587318839106402e+00
2.214890963132869572e+01
6.646705958903107003e+00
8.714569134907245385e+00
8.777972431026803690e+00
6.095071781418486268e+00
6.789938651779553247e+00
2.127807239976102238e+01
1.796226396850074991e+01
1.671508710390377672e+01
1.535132193774613540e+01
6.619629225123409455e+00
8.838070638637379517e+00
6.052759814256222448e+00
6.499438678520729873e+00
6.308991926793577676e+00
7.774495549649099502e+00
6.463436205459233364e+00
6.136223523361601373e+00
8.247396782903376078e+00
1.882979109157313502e+01
6.463668969821623200e+00
3.936077374520921524e+01
1.457381341459738344e+01
2.212848235519745899e+01
1.464698743527919866e+01
1.800013983034010678e+01
8.862305703845015259e+00
8.379970722488476298e+00
1.473527787297881808e+01
1.262540286170266768e+01
1.163630663543272448e+01
7.560874134479189657e+00
8.097658855556911561e+00
1.238317616825674072e+01
1.021995070872356770e+01
3.226993798053307927e+01
1.243839479002496873e+01
1.052101084279632026e+01
3.006225312940629024e+01
6.768685730845581006e+00
8.537238506936512650e+00
9.402009777081566710e+00
2.136598176074733857e+01
1.763357064426591592e+01
8.907458069681549517e+00
2.248108767752698967e+01
6.516791726153256192e+00
1.144132548907570879e+01
1.450636821936721788e+01
8.993991317004866204e+00
6.573438158519847363e+00
8.378200137007713266e+00
1.128965047867259841e+01
9.063052691872407252e+00
1.029834051473073586e+01
6.782001870420868883e+00
6.115011122767811891e+00
2.280451395359547107e+01
6.650650097427270424e+00
8.771812154816220897e+00
1.472623335248940712e+01
2.088910430845654531e+01
9.100169382559018416e+00
1.444599730198634724e+01
1.111126150105359045e+01
6.418881711567279602e+00
1.019889610549292414e+01
6.242420582479415003e+00
3.263629122345204792e+01
1.749005738038928826e+01
9.315550323781836894e+00
8.140321564288168332e+00
1.009096842963511165e+01
9.040302598899977227e+00
9.706377773333699110e+00
2.607829409829238188e+01
1.014716890989807396e+01
1.681976676125316672e+01
7.364532348396607198e+00
1.210308394995567660e+01
1.144554387174436449e+01
1.315685912529485080e+01
1.511266200647220082e+01
2.178736979843051103e+01
8.090577826667418648e+00
9.844105914320845585e+00
6.471062814513222072e+00
1.382918703371218072e+01
2.783744950539255569e+01
1.003605978607087224e+01
3.453360079824263806e+01
1.328794321488905439e+01
7.898413544657546304e+00
1.203216809670330534e+01
1.417422216700853532e+01
1.477945186569604985e+01
1.412981253217061450e+01
7.681956510245632863e+00
7.868688950404692406e+00
8.210910143370723446e+00
1.656387066044662149e+01
1.153485649141411784e+01
1.489979721603729601e+01
1.885008015514354796e+01
1.264217999046642582e+01
1.109626800531561130e+01
1.012021009946341010e+01
1.214749934142034959e+01
7.296185175936094502e+00
1.835090577936860967e+01
2.551266873465170448e+01
1.938605507822639851e+01
1.980308157267971580e+01
2.014753539525285220e+01
7.545272074132567397e+00
4.980564948246671975e+01
1.456453313379258319e+01
1.037061472454892908e+01
2.351575517630101331e+01
1.298491652612622005e+01
4.644235346259539909e+01
1.715698985614086425e+01
9.664735921277873842e+00
1.685581791792806072e+01
1.647792565993640679e+01
9.003260503553658367e+00
2.324541541736557804e+01
7.213701785242617071e+00
9.636488838846574367e+00
1.409083973801410750e+01
1.121817837054610933e+01
1.506950403737304001e+01
5.347668551038331231e+01
6.649651263944439172e+00
1.738263309902102449e+01
1.960473231771362634e+01
8.652530465842302121e+00
8.356644390885413998e+00
1.065796612094971074e+01
1.000511157788982430e+01
1.167127104988366959e+01
7.901837322175977008e+00
1.144659495444048680e+01
1.940258876446277014e+01
2.315668154579198301e+01
1.479119293764147791e+01
8.718884961936135269e+00
2.252400098546772611e+01
1.037477206049771006e+01
8.109716184005879569e+00
7.156482733285410625e+00
3.209194083716969459e+01
6.736739457779693296e+00
1.203610452023973210e+01
7.806950808149213827e+00
2.221663859017002807e+01
7.730601727760267217e+00
1.666900079574433846e+01
7.443699584815542281e+00
2.825946398123425496e+01
1.470909763192546471e+01
1.029080047903036821e+01
3.226358438154609587e+01
1.193955425977902252e+01
9.877024104426146422e+00
7.418438128386281250e+00
1.621490943021483488e+01
1.325731887267356868e+01
8.017416256363450344e+00
8.301049492893724846e+00
7.991611098915941014e+00
1.147892240133097275e+01
6.387552021602649788e+00
8.731447914554351541e+00
1.667337917890898069e+01
1.376660690446742308e+01
1.965623589934265070e+01
1.692644414410422726e+01
6.172055703671923688e+00
1.274374846626149704e+01
1.061596168726451950e+01
9.586563895585445749e+00
4.501749702387039065e+01
1.455934437373514889e+01
8.312878843471098733e+00
1.208911400192333829e+01
6.800613182421136216e+00
1.694051195113776842e+01
9.417413743774098123e+00
7.479881187305904788e+00
7.417921953061111573e+00
6.122768123498516069e+00
1.803630914232633486e+01
1.643623680905978546e+01
1.130910925024450719e+01
8.921860286117611949e+00
9.975534974835206015e+00
2.323942592447061273e+01
7.034491818078356218e+00
6.240084692885820239e+00
7.943958825398863333e+00
1.188318879165615627e+01
6.061700670836102312e+00
6.880882975027374115e+00
1.557502377466478372e+01
1.075456888629230079e+01
2.975100296689903701e+01
2.533199605564670875e+01
8.588772322177321783e+00
9.794868691322484722e+00
2.602506009923209618e+01
1.292587597201539040e+01
9.692753125971071526e+00
1.889178807705389573e+01
2.666941623628271074e+01
1.495443271323663303e+01
8.100311446406712079e+00
1.968558878870880946e+01
1.036507809620442799e+01
1.557986009299169972e+01
1.132976175923498374e+01
2.862344557548279766e+01
6.566601311612049408e+00
7.354895534687882375e+00
7.731014596854752341e+00
7.997959068071248900e+00
8.147508637529247366e+00
7.327021969564768256e+00
1.544511206664192748e+01
7.968797798847989000e+00
8.147779252579478992e+00
7.759073572513218942e+00
1.006912037359222190e+01
3.147446253994834464e+01
9.655501700802410880e+00
8.826293292838046867e+00
6.568528073655858002e+00
9.477432049748738763e+00
8.113766776302464123e+00
1.751510875368349218e+01
6.946920338621660918e+00
7.240898861635779227e+00
8.611497423211776692e+00
8.717720399446735158e+00
2.098227798392987609e+01
1.853423325404170185e+01
1.291405872230818019e+01
8.724036045650914062e+00
9.072114873111042144e+00
1.317618588350013731e+01
1.677248435285603634e+01
9.877340067920131972e+00
1.169965174402216235e+01
2.351641850689489743e+01
1.439379800560250722e+01
1.213521322756790966e+01
6.591088254881390718e+00
7.548825681108742636e+00
7.795070398992966609e+00
1.380722814076669991e+01
6.915324461183316451e+00
6.235388219781310859e+00
9.574679992218261049e+00
1.615119672865909450e+01
1.545376072342856055e+01
1.858756199799497821e+01
1.553235634933349019e+01
1.360055030047097091e+01
1.132677941284936018e+01
7.870586221821751494e+00
1.272479315175341696e+01
1.409855381742588243e+01
7.056769814962176035e+00
1.266198411760754183e+01
6.822897673926895834e+00
1.233626167510659855e+01
7.384537441296884275e+00
7.013704241961233876e+00
6.960184846052897001e+00
2.535522690826956804e+01
1.329216337239393120e+01
8.303149795610696771e+00
6.593038727997688753e+00
1.214609433107457370e+01
7.251387145395566058e+00
1.805515652875399724e+01
1.148317285764606943e+01
1.637013425537447731e+01
1.002982826002266847e+01
1.569396332017938356e+01
1.523167298704619554e+01
1.259363518238512292e+01
2.095290733509217418e+01
1.298725951946886603e+01
1.290409308878436256e+01
8.945159298459284258e+00
2.744810411253611449e+01
1.182422108087301638e+01
9.976889551260828881e+00
1.224084301534793440e+01
7.255496426827991563e+00
8.464441479428238324e+00
8.930130494288999188e+00
1.179147040620078002e+01
1.551295817178088221e+01
8.708462855959719917e+00
7.167293667275258073e+00
1.255364217187460341e+01
2.142887593498425147e+01
1.033346947688351491e+01
1.116664246936806748e+01
8.731009265843081124e+00
1.923691010814868463e+01
7.028714215113597064e+00
7.501137178370764325e+00
8.636276093494412009e+01
1.517106075082834238e+01
1.235351239700549542e+01
1.868217600219132635e+01
5.216567472384826942e+01
7.694407786545286676e+00
1.853842692579835827e+01
9.350373632963094650e+00
1.651127418923099555e+01
1.583869470813464453e+01
5.715965824361191494e+01
6.949115684796630887e+00
6.017021253388414870e+00
1.701977006294723083e+01
1.272903785462671777e+01
1.539205385724121733e+01
1.720395881455146636e+01
1.144195112614914933e+01
9.527095242815953213e+00
1.777049276189234206e+01
9.825963082150913408e+00
1.378695889771285898e+01
2.390982642213163700e+01
7.379522432725227787e+00
6.071568454368730272e+00
8.373853697039741917e+00
1.877501480921429788e+01
1.269291967038296853e+01
2.937403706155121696e+01
1.235035678244782176e+01
8.471587606637058343e+00
1.761555306281272237e+01
1.457304595410021264e+01
1.974881677687058357e+01
1.482092575825808467e+01
1.081109559673397236e+01
8.595683240980733331e+00
6.457647727221492495e+00
8.944617657567768276e+00
6.378900680723718963e+00
1.049733129463025705e+01
8.047399416251316495e+00
1.572964816183287162e+01
7.989522125569700428e+00
6.679513314446236194e+00
2.060074052541818190e+01
6.495282896711844778e+00
1.712108453208220027e+01
2.720867139033953919e+01
6.906506386788181295e+00
1.256180905498683842e+01
1.080785129942703904e+01
1.882407133095114915e+01
1.381427302813252567e+01
8.608871462679214659e+00
6.011760689518029999e+00
1.127565274850141819e+01
2.396275124147933866e+01
2.486166846906657213e+01
7.070966875526852213e+00
2.176768053015978666e+01
6.280304080745955808e+00
6.775165110838391236e+00
3.310328333259455036e+01
9.914697400915439829e+00
6.587311583208436794e+00
1.108590240705855834e+01
6.377881955243863921e+00
6.132045011033290471e+00
1.259973022966630474e+01
7.898002886884567531e+00
1.378103892919139462e+01
9.260128845856790747e+00
7.136906339604835559e+00
3.928482791218243619e+01
8.300831702495051090e+00
6.511847725970238976e+00
8.615116525628550903e+00
8.319611092790152540e+00
8.849358334882870381e+00
9.516406628840872628e+00
1.908482528252028487e+01
6.493168852391260515e+00
9.502245456055039341e+00
6.876247312792489907e+00
3.822694734020327445e+01
7.243615043105259943e+00
1.121657849638321025e+01
1.123207996106635420e+01
1.815598094548356300e+01
8.541236988125307406e+00
1.670838406609727400e+01
6.213533059353435029e+00
2.695487003097590772e+01
6.833606407166570307e+00
1.124418353457634190e+01
7.523762591289537838e+00
9.678738143469232114e+00
1.421823682908526543e+01
7.229613211691567898e+00
8.729883926629302238e+00
1.509505865508989508e+01
2.089116854504274912e+01
1.318952741642065796e+01
1.192165312278828004e+01
6.928756805352390913e+00
7.267657155959991400e+00
3.139722023294346442e+01
6.021026488552802647e+00
1.129968200415999036e+01
1.729593319416392561e+01
7.885404299270259543e+00
1.092302826319676612e+01
1.143491979899592437e+01
8.413135491642895758e+00
2.287928853831462561e+01
2.673881390096444477e+01
1.706916219780009669e+01
6.069392825699485350e+00
1.393082088351391690e+01
8.112889743017548838e+00
8.486892249808967392e+00
7.624805612246212227e+00
1.279675061734629082e+01
1.073510917805052500e+01
7.721047003400683728e+00
2.758174184560923337e+01
8.187321608587561528e+00
1.806729474169298300e+01
6.200006662762596044e+00
7.621632039700926953e+00
1.966814850287559580e+01
1.215032361211635958e+01
1.431009743720840177e+01
1.048150509278467268e+01
1.057639190229134485e+01
7.071945834480480642e+00
7.500210023353655941e+00
2.610616029708835839e+01
1.089448583861426911e+01
1.111617022373268959e+01
1.478084091780295140e+01
6.113821522534982122e+00
1.208617054319859818e+01
2.332596206680243611e+01
1.032072422233925835e+01
1.025644426316346447e+01
1.083099064431883995e+01
2.145380475782233276e+01
1.353289059928482807e+01
1.700602977134565563e+01
1.613104658401579528e+01
6.417589625910032680e+00
3.607428692889119048e+01
1.579907065453361881e+01
1.294239053891320168e+01
6.369830848547492153e+00
2.601621318638066782e+01
1.107233941036932734e+01
2.537026270248333404e+01
1.033587419507857597e+01
1.288883520401926042e+01
2.393326941548830789e+01
1.094180871295563762e+01
7.583037139396633819e+00
1.042798509960453046e+01
9.845302752274545099e+00
1.650027980591836396e+01
2.069741739148852133e+01
6.091175693206441366e+00
1.146264676470621069e+01
8.487791628318314352e+00
7.437154970149197908e+00
1.476586751398903452e+01
2.044097760965568256e+01
1.228922141572000015e+01
7.723329446558979683e+00
1.713159144902948938e+01
1.189399544056776037e+01
1.906321344152101460e+01
3.275615333078899027e+01
1.034887057012208977e+01
9.073568398806317603e+00
8.651171623225765828e+00
1.539496164641028386e+01
3.456945637036206165e+01
8.692950264803961602e+00
1.096331185652550744e+01
1.287042092341816613e+01
3.061963357061271651e+01
8.271062826305110249e+00
3.208445543886455198e+01
1.193913797458068871e+01
1.642701504290305081e+01
1.816193094512261297e+01
7.438845394071314843e+00
3.542972386180515798e+01
3.587790549657878358e+01
2.208948283251975653e+01
2.083017601908908745e+01
9.159340497227528743e+00
2.128793731893684793e+01
2.353751113476912948e+01
8.479709949657578960e+00
7.496964138555823887e+00
1.731685109905394526e+01
1.289698316751340279e+01
6.913086357980761321e+00
1.008001569199264225e+01
9.227736186864873957e+00
1.464674827330499873e+01
1.036340768756760511e+01
1.436837805449667016e+01
1.885106339246354423e+01
1.582264255425465294e+01
1.368895223794267935e+01
