2.495559013320173847e+01
8.277830240088297487e+00
1.166700434747072990e+01
1.728835802157220769e+01
8.029176686415784303e+00
7.902947880005936732e+00
1.522302004688025789e+01
1.813629775238959851e+01
2.339809486928730209e+01
1.075820537070316796e+01
1.607859330775299256e+01
7.499794194754352716e+00
9.023880368932273299e+00
1.400000555504313304e+01
7.280256683547429830e+00
3.093098507631478356e+01
7.094419404203180513e+00
1.799621219894994795e+01
9.069008859951065205e+00
1.656121544829949244e+01
1.015029394145032526e+01
1.701483550962659308e+01
2.444779405426556451e+01
1.325356206444444140e+01
7.432325001070723580e+00
3.013882258620834165e+01
1.208260073517547895e+01
8.189469603919132368e+00
1.019976556965236369e+01
1.621500222921743983e+01
2.790400311598158822e+01
2.496573962590971263e+01
7.209274713879374019e+00
2.243265998751048684e+01
1.313604767446428312e+01
1.021671687899855741e+01
1.099444879478598835e+01
1.866282427251512743e+01
2.090304090612870880e+01
1.458114488112798313e+01
6.481918557635211187e+00
1.922142234207112921e+01
6.208651164774669162e+00
9.925153722487262797e+00
1.069830541639719179e+01
1.164348612170470432e+01
8.365212816147591823e+00
1.034494764211752837e+01
1.838292127580484703e+01
8.531576440249015292e+00
1.942390828117836676e+01
6.101244769345893104e+00
7.232661548249397221e+00
2.675427369587309911e+01
1.108506512570428271e+01
6.417066144141408301e+00
1.354196585132027053e+01
1.087055179882058376e+01
6.742078962335551040e+00
9.421225542917840201e+00
1.362417891744090426e+01
1.390462599288943757e+01
2.343607746547191795e+01
1.142616453538075305e+01
6.885109087602641509e+00
6.964272493748318915e+00
1.031384614624798601e+01
7.639690229156667733e+00
2.630178561953609062e+01
7.906851894450976914e+00
9.777581159110599884e+00
1.174578180307740638e+01
9.208624809473194617e+00
1.473936237863011023e+01
1.343613360531318435e+01
2.842341950914350690e+01
2.026838113637064254e+01
1.338978000564809179e+01
1.073500878409699411e+01
1.363141510362555309e+01
1.380548137655708452e+01
8.513058255655790774e+00
7.568290221230743242e+00
1.185522970655830832e+01
8.936840396757917304e+00
9.892062331724552848e+00
6.013320072284558115e+00
1.515753408245650391e+01
6.478131307378327541e+00
1.663844930247459075e+01
7.865145633603368935e+00
7.440336325217125513e+00
1.334145812018461719e+01
3.882204896549086470e+01
1.038641452614775140e+01
2.227997456813519150e+01
6.510685617136921621e+00
1.168508586049236442e+01
1.515974312945497360e+01
9.765012588957361572e+00
7.109220070750029485e+00
6.124210866597670666e+00
9.911760789714278985e+00
1.686129659166164529e+01
4.329539222639830598e+01
1.097513946613783631e+01
8.795520034451300262e+00
9.405344658645903522e+00
6.771479994357207488e+00
1.078434319035483213e+01
1.389217402174897842e+01
1.381634290459449055e+01
6.102810017983317792e+00
1.403511901031416187e+01
1.476540712067601113e+01
1.157763565588765431e+01
2.918583953820849786e+01
8.387730717911644263e+00
2.127979985432803645e+01
7.531430228030037810e+00
8.430005736110452119e+00
7.834286763836144196e+00
2.332484197028617956e+01
1.862063384099332808e+01
1.078973583141855208e+01
9.798818240170657390e+00
6.103881873338387720e+00
1.568367271993933443e+01
3.280512742972607043e+01
1.805935946477616127e+01
8.122947091287832322e+00
8.457660007111556411e+00
1.039657133233335884e+01
1.019036407076604434e+01
8.115242655502060032e+00
1.854705061477073613e+01
1.833743848733544368e+01
1.580622619371325932e+01
6.039783569555816634e+00
2.594786321383838512e+01
9.294579446310489601e+00
6.233937363045988000e+00
1.411605980593724396e+01
1.670306028654223951e+01
1.489263230923921455e+01
9.966395977057555200e+00
2.179581046285753843e+01
9.526771817524108954e+00
1.218199621476179395e+01
2.638344018881885944e+01
1.641254752095078118e+01
6.795631267212888460e+00
1.800964326826121464e+01
2.455711625724140035e+01
1.996152425113175610e+01
1.118180104567937860e+01
1.995051346798370417e+01
6.629134969472032957e+00
8.346667953032238074e+00
2.213124695732770775e+01
6.338149417083698722e+00
1.006070056432352189e+01
2.175579862643310491e+01
1.072262781174633162e+01
6.707334713547636440e+00
1.091635210356594676e+01
1.654059473775824785e+01
9.042964698357911502e+00
2.496099661825778426e+01
2.861418356760188431e+01
7.469128992137818557e+00
6.784311852630007245e+00
8.846052107706608325e+00
1.106458860869262395e+01
7.366440109126900282e+00
8.212020381262000512e+00
2.766025307849991322e+01
1.603876168071089126e+01
1.328935086148389999e+01
1.584679867887050442e+01
6.021836727645257348e+00
7.258110255639214081e+00
1.541475891761444572e+01
1.604124456958153289e+01
2.133710802426200104e+01
1.304642792176357702e+01
1.251800081297019673e+01
1.005517001864939175e+01
1.956677018898083986e+01
2.128559020095200083e+01
1.080589999708368687e+01
9.767621264012779747e+00
6.413758386310513870e+00
1.856468336878305792e+01
1.494375670590956418e+01
1.062715565915024740e+01
1.162049687250319252e+01
2.411093539467241342e+01
2.280853036048963745e+01
7.578671218892198524e+00
2.112430647726731081e+01
1.170253808888008606e+01
6.897451572402854225e+00
8.985730510086380463e+00
1.529102999017072939e+01
2.391191941358744799e+01
6.917450418235441489e+00
1.352575760522820936e+01
1.506883363582736202e+01
8.585667202371061180e+00
1.730572719679614835e+01
6.872523976698701631e+00
8.192094309891643888e+00
6.003928674897861306e+00
1.158910449196248216e+01
8.446072708314220634e+00
6.650265909511351659e+00
2.302108874659259996e+01
7.771809385651744506e+00
1.270205092465747754e+01
8.533761609371502743e+00
1.328047302292850063e+01
1.449739355569660226e+01
1.634509318600980521e+01
8.804703245830625136e+00
6.387264891825484625e+00
2.157449673047976901e+01
3.386632210198807513e+01
2.338823994700046072e+01
6.689781202358304313e+00
1.830200732694908794e+01
1.132431003222163035e+01
1.400001692013754884e+01
1.356813054747103564e+01
1.212628132933442515e+01
1.499335951453326032e+01
1.366360104295043243e+01
1.288005418194224561e+01
7.232901086973971161e+00
2.201613811869626147e+01
1.720299772736763799e+01
3.267635875773161303e+01
1.855185921193447030e+01
1.298817347557079671e+01
2.592748319445085770e+01
1.449660852654816878e+01
8.970013241336378229e+00
7.543858222191714091e+00
1.341694872145325590e+01
1.665972796406387602e+01
1.990554343705781548e+01
8.687004239331955091e+00
2.458231396382542044e+01
1.290145521171760379e+01
1.627259013320870196e+01
1.920761588412893772e+01
2.742195099408090186e+01
8.739813707251999020e+00
9.986785252106763267e+00
2.441806561133821418e+01
2.038911932824047568e+01
1.007509652532486299e+01
1.103894961122842489e+01
1.610264131477511285e+01
6.505645591319844101e+00
9.662306605582639207e+00
7.847694275640985317e+00
1.185169828786932733e+01
1.783087190792493715e+01
7.113405686800991390e+00
4.058068295644367396e+01
1.103554771788785516e+01
1.786303020211210679e+01
9.476058399085101058e+00
1.135758267578665937e+01
3.278828728633271083e+01
1.537623205762497314e+01
6.207904015134819709e+00
8.111538258137240831e+00
8.400852915111940433e+00
3.153532522814384365e+01
1.774241902712258678e+01
1.508131273589293997e+01
6.577561708093591086e+00
1.902955814532602830e+01
7.603948690547743361e+00
7.288681775409711072e+00
2.225130270594196347e+01
6.040398984966284246e+00
6.522965949724044421e+00
2.614664749065552485e+01
8.318065064597131908e+00
1.790974552191179470e+01
1.456423903139885034e+01
6.952361915816863025e+00
1.867518837616889371e+01
7.859401800524270953e+00
1.551074486175815537e+01
9.835304863944667630e+00
1.229544172255145185e+01
2.938081509659183155e+01
8.399979601627618919e+00
8.865974656279441035e+00
8.768428598198838131e+00
9.696572280058513016e+00
1.287594621437581566e+01
1.888555732243447238e+01
2.388790339996851841e+01
6.505127797245488175e+00
1.440078381570151578e+01
1.317984203565955426e+01
1.334912911560797966e+01
1.861318388488341213e+01
2.822644218636693481e+01
1.703474580179291564e+01
7.506311735667331675e+00
3.074696594267033234e+01
2.203206230005163135e+01
8.849462534696112215e+00
7.043168985270868987e+00
1.911878942355182076e+01
3.595575463426139606e+01
7.091022792779601680e+00
1.442970830844288344e+01
6.079084719005450665e+00
6.289104745611870051e+00
1.830372079882410929e+01
1.952447156194323696e+01
9.438220151053897666e+00
1.075308354247409781e+01
1.809403351989404740e+01
2.159880390923250459e+01
8.584824233961418471e+00
1.827048400233617187e+01
7.793933752097156997e+00
1.074413088769824753e+01
1.615228019643667068e+01
1.526176433232061669e+01
1.158188644228957287e+01
1.486623261961073084e+01
6.414835114721240572e+00
8.720422386999368669e+00
7.949555938432033564e+00
6.682660048357386806e+00
7.862411666138845234e+00
2.173062519610212817e+01
2.412843682561459957e+01
1.209322841962262274e+01
1.129931663349029947e+01
1.097655618858622972e+01
3.156224860538371502e+01
2.861719406039602376e+01
7.951750411632070303e+00
6.798489748163206059e+00
6.447342680865195241e+00
9.541141913646928430e+00
1.032399728183280807e+01
8.276702852726975479e+00
2.622836813099895537e+01
2.051960269099784639e+01
1.691510684404800458e+01
1.129158201853232768e+01
2.340732127872355761e+01
2.923067492020893354e+01
2.349065693767056473e+01
8.423570267921570931e+00
2.197418927250693699e+01
9.450782905376039267e+00
7.052433401703550153e+00
1.688883134481959303e+01
1.923902110895744499e+01
4.060865699584787336e+01
1.124615584213665365e+01
8.312371094125030169e+00
6.541020608946472414e+00
1.026434586182142894e+01
1.289117529342687263e+01
1.148934206262746471e+01
7.421420290220093641e+00
9.715932808931221132e+00
2.599916619606678836e+01
1.091903461734242242e+01
1.174318286617184803e+01
1.110793296478962944e+01
9.885361048820252350e+00
6.500341954511475784e+00
8.082449951779839381e+00
1.154514282585646612e+01
1.302488815055846771e+01
1.120281613019495026e+01
9.619105088151606253e+00
1.901663983537099512e+01
1.549340251680992075e+01
2.926472422166258625e+01
6.225019683191182374e+00
1.690310586209116295e+01
6.506721327418828693e+00
8.750966007286741899e+00
2.592115162039133125e+01
1.794588176072579699e+01
1.467812863108043331e+01
1.008255896814607411e+01
6.408894266202083578e+00
8.411574233607389317e+00
1.124478933878970999e+01
1.039623214748053570e+01
1.090187034143414735e+01
6.246238436555955786e+00
1.402076298337728311e+01
1.079675317694868575e+01
6.135449964412880597e+00
2.840307962849742651e+01
7.762185628678784255e+00
7.486681888403899698e+00
1.725504800090022428e+01
9.429826743029984470e+00
1.356469318702120574e+01
6.047872074746477367e+00
1.051710152319698466e+01
6.201180623988743257e+00
7.881342956186773385e+00
7.732496195752947443e+00
3.430349671139993006e+01
8.881025326874837589e+00
2.062330830020080441e+01
1.036825982265753510e+01
2.185151367977986681e+01
1.469632944923106166e+01
6.056941562440535165e+00
6.946667523060161109e+00
6.254774197716373330e+00
6.758398960759063101e+00
7.990912752252429030e+00
1.831864884727988496e+01
1.658447243588345188e+01
8.245265647106426954e+00
9.959919272797169043e+00
2.169969538508182794e+01
6.600557463071750064e+00
1.265588635466583334e+01
6.977594754693462242e+00
4.700126991136879440e+01
1.066209905643056821e+01
2.574640571334486694e+01
7.328273392483371396e+00
4.309012818940500722e+01
6.489081453470667782e+00
6.485836758579853978e+00
1.986356956681904862e+01
1.799005331102862471e+01
8.279479211491690194e+00
8.267883610190750687e+00
1.111920357941212245e+01
2.900264913933703781e+01
1.386556895432886272e+01
2.029559202105888716e+01
2.214547247677712960e+01
7.155115473982604613e+00
1.291734202697851686e+01
4.070608529262361230e+01
6.804268729525890791e+00
1.068937251747126638e+01
1.758036623856307656e+01
4.250997023494512206e+01
7.020086521759708376e+00
1.014601572888397030e+01
1.718565829044266735e+01
1.321279227162442105e+01
2.287281294673224963e+01
6.861988614026746092e+00
1.225604680882056030e+01
1.351635025742032248e+01
1.946745498823640474e+01
2.094683807324823022e+01
1.114214334484335822e+01
1.341729499000580716e+01
6.063069795179386823e+00
1.534444556942805882e+01
6.124532864637571627e+00
1.433230066649674761e+01
1.164007481415064582e+01
3.064330369209395499e+01
7.424157117936067252e+00
9.873167411730760179e+00
2.157594851098822986e+01
1.177394332270054811e+01
1.948296716038920806e+01
1.166487568924867446e+01
1.517575068301145969e+01
2.306561474725668859e+01
6.451003825704177963e+00
2.301951474205923276e+01
7.577473943459434480e+00
1.726168294940298154e+01
1.267457349122494392e+01
9.238791229584649045e+00
3.145836867480050714e+01
2.073263972683099610e+01
8.690018906443539137e+00
7.812025048675925731e+00
9.557688370788884669e+00
9.229123967340367329e+00
7.392514927861059348e+00
2.816888785197265577e+01
2.348730831703606370e+01
2.262561814109254854e+01
1.086620408183098263e+01
1.846996370149202704e+01
9.574768873847064654e+00
2.176319301358500269e+01
2.495364318338576481e+01
1.218271829565211739e+01
1.117304404464902490e+01
1.208625479168826899e+01
8.175753018345474743e+00
6.770842195597055913e+00
9.914078656903093645e+00
1.826257937070629112e+01
1.515938878814061219e+01
2.070440732490831692e+01
1.080408114206105807e+01
7.061597728813253205e+00
1.191562737456672849e+01
6.322327166165027990e+00
1.050914896317675762e+01
7.799329581694005142e+00
2.087591797238179581e+01
7.104225902861987407e+00
1.114933305083789250e+01
9.890855348064114594e+00
2.093454188352899337e+01
1.259743914540261045e+01
1.115416502948059829e+01
1.325456656555415869e+01
8.113194415546146843e+00
1.189484571220937781e+01
9.446725351329808618e+00
6.922550010950999422e+00
1.854247608202343045e+01
9.580245790601658484e+00
8.615944012884151348e+00
6.004558237683236044e+00
6.309963948709666148e+00
8.321155172184575122e+00
9.198214011342983554e+00
1.560855267438445360e+01
9.676702103536797495e+00
1.873769264728591466e+01
1.307768178834090556e+01
9.453245489642815969e+00
7.370079212956456516e+00
6.010962782707575336e+00
9.864571865566691855e+00
1.017671466707842676e+01
9.619085836855944649e+00
1.897224770461610177e+01
6.803472746832508022e+00
6.976457271388986747e+00
8.126981704167654641e+00
1.176797450651923072e+01
1.635413908375941716e+01
2.471928404499408316e+01
8.485911720563422023e+00
7.093886242090253980e+00
1.169398487424454203e+01
8.848742740161620546e+00
3.933121411697971581e+01
6.325263666868377044e+00
7.694612951490508834e+00
1.720505329467517441e+01
9.907003854504935703e+00
1.260864207696835138e+01
1.951875727640304348e+01
1.479361659883312008e+01
1.340166338167148652e+01
1.516119563405484705e+01
6.531209778330273608e+00
6.823345929896225570e+00
1.348274760744030942e+01
9.668956924474462866e+00
4.961956757931840656e+01
1.974773095365117825e+01
2.688141319617450975e+01
7.592128707516417663e+00
1.384088231380594891e+01
6.226186933085484654e+00
1.662850123818006054e+01
6.345111180279667806e+00
1.496881536331221341e+01
7.909803012510891129e+00
1.315605757059746495e+01
8.583431400267715006e+00
6.181260550726683789e+00
1.525511210372177651e+01
1.076321638378678003e+01
1.630552397123701880e+01
6.463444269396402930e+00
1.204364391821973257e+01
6.446354805567157342e+00
7.242449870609481977e+00
1.827513546182576931e+01
8.077135755575314491e+00
6.783756655429947102e+00
7.223426117041229944e+00
7.219917103107169609e+00
2.085416803293465193e+01
1.313166379776541248e+01
1.857517277276948064e+01
8.378833267824699504e+00
1.387528971044841342e+01
2.433376191782831555e+01
1.210779308805874166e+01
2.236706733285107163e+01
7.967671989996288673e+00
3.327223175225976348e+01
6.664379305825255173e+00
1.745396174292511660e+01
7.802355144593768443e+00
6.994423268780353808e+00
1.255015365499307833e+01
9.050344356318262840e+00
8.013578368698919263e+00
1.062603332322014182e+01
4.166879649703282951e+01
1.401212183477842999e+01
8.612524971050735445e+00
4.009389397965203727e+01
8.618778788683076897e+00
1.617377764817022623e+01
8.444952551056619683e+00
1.790861731310353022e+01
1.426223963761898794e+01
1.280227997430554154e+01
1.091313361256434789e+01
8.225479940902788556e+00
1.352112798336418997e+01
2.259388407640267005e+01
6.254447212412451051e+00
1.655416361381887214e+01
2.295694563312431313e+01
1.367541864614541858e+01
8.391892571361136532e+00
9.464438536997857199e+00
1.705220028859368853e+01
9.656034169933118250e+00
6.064847363832437388e+00
6.892086628875729204e+00
8.687591134039536200e+00
9.996050149764354131e+00
9.624539335162261011e+00
1.913683441688125342e+01
8.003940557996152450e+00
1.022531141265706367e+01
1.946583368606561137e+01
1.861720949176537943e+01
7.837572868494421918e+00
9.621372171124626504e+00
7.359791067992151881e+00
6.755364501229113472e+00
1.246295659051979143e+01
9.079328456290342686e+00
1.176725909830743255e+01
1.309210608616571569e+01
1.345513982116404250e+01
2.860996947974801330e+01
8.139368111294396968e+00
2.426895218921434960e+01
6.421374262704235392e+00
6.246831719107710512e+00
6.921204656554834855e+00
1.425561397428166899e+01
1.204517827674639463e+01
7.415073486823551718e+00
7.280457554528643627e+00
1.203047266776673396e+01
3.155461675942055066e+01
7.614286149012230887e+00
8.399435572745208134e+00
7.027971387981419404e+00
1.322308474206647055e+01
2.691312326843512537e+01
8.174628752742801652e+00
1.111565728527583730e+01
2.505428698349026106e+01
1.585577285312150231e+01
1.201107052599562408e+01
1.415781963911041430e+01
1.649958147176855761e+01
1.642971021268569842e+01
1.130835143596416437e+01
8.644449299788785623e+00
7.847133857706431570e+00
2.606840406280220535e+01
6.480095395214630294e+00
9.288724898058323021e+00
1.537075783440427834e+01
1.333170652020065461e+01
1.054225270212221766e+01
6.880598357795257414e+00
7.202194101217765265e+00
1.553959227580513058e+01
1.128848583859617172e+01
9.318679718879593565e+00
9.757386668252781448e+00
1.047853019563330434e+01
1.519225703649631143e+01
1.334930413865242471e+01
6.584721284225313553e+00
7.370842696592939447e+00
6.585347073891900216e+00
6.281620221349573541e+00
1.796904945983921564e+01
2.122826578849855395e+01
1.030527079809722579e+01
3.374916188418684726e+01
2.193717350351971618e+01
2.175093567061710331e+01
9.660609683102155287e+00
3.069351623511211713e+01
1.705618303549099579e+01
9.491838180595577157e+00
2.357376599826628194e+01
6.032966229787295909e+00
1.278141622779785713e+01
1.187463380249392486e+01
6.682632732686726307e+00
2.186470554765758578e+01
8.647068138432143058e+00
9.777328742483913260e+00
1.115719421644224241e+01
1.958330457518709267e+01
1.322972170514690049e+01
1.264011906722458534e+01
9.600071860981321592e+00
8.624529656014972900e+00
1.120254437608760512e+01
8.362849219200198192e+00
9.318203781303537880e+00
1.064392598283886926e+01
2.083763833839333302e+01
2.733265037618584259e+01
2.016349313974244239e+01
1.196731715990316047e+01
1.594606931483773593e+01
9.266255884807961252e+00
1.091760050981165264e+01
2.857284110908284092e+01
9.507388313094711663e+00
7.519466121548143533e+00
1.111069719548808621e+01
1.445803439950553937e+01
7.082107795606664702e+00
7.041793624284579778e+00
8.895738716951479219e+00
2.505727873594084443e+01
1.498169535128504570e+01
8.007553011861205050e+00
1.340038292352611471e+01
1.463612243074780750e+01
1.192282742076115909e+01
1.739637263400964073e+01
6.200401118970155778e+00
7.696810209090971355e+00
3.313910900540874138e+01
1.150909894863976746e+01
6.636804029758197387e+00
8.947432200232839250e+00
6.014191669665182260e+00
1.292885501732487086e+01
6.646657762273559911e+01
1.313472660492195310e+01
1.353436443443737147e+01
9.176721559142933415e+00
8.164319227158818748e+00
1.167675879193203947e+01
2.440359236593684500e+01
6.078391659732361951e+00
1.274526723998035038e+01
1.047608134589149387e+01
1.376553830987768023e+01
2.065855329562022646e+01
1.076880135393754401e+01
7.963959764713484546e+00
9.780624955947892829e+00
7.305342500057848909e+00
6.709768570952407529e+00
9.771254177885307257e+00
1.386155031314637576e+01
8.439551897379509171e+00
2.578548419979257744e+01
1.534244628530928800e+01
1.527488839961466738e+01
1.541373282659143307e+01
6.013487348726981985e+00
1.941346221842583830e+01
2.597019644479769340e+01
6.156708748910661555e+00
1.329627821819067535e+01
1.503032329874797846e+01
7.747662183422129090e+00
2.057171109925361918e+01
1.386439055358582451e+01
8.039706516115918689e+00
3.333620391514303094e+01
7.945399009752557973e+00
1.508024711232393855e+01
1.113795633841935739e+01
1.627813233665760606e+01
6.822989983350653098e+00
3.038383016132068093e+01
7.830165137966615063e+00
7.991629682192483486e+00
1.246000247946584594e+01
9.442981090406629363e+00
1.066903004139123112e+01
6.302433226682780720e+00
8.141827236299889137e+00
1.788125244423875415e+01
2.459988530466295842e+01
8.127129219611511246e+00
1.787475110606181516e+01
6.234991305650992466e+00
6.366042145508107097e+00
9.993933398689739178e+00
7.280515748373667329e+00
7.453504319044832016e+00
1.389793468736914761e+01
2.162468571246451177e+01
1.807555488942160693e+01
9.281736747708395185e+00
2.264936617699713750e+01
2.072823237283184028e+01
1.194225811923167413e+01
1.116821680797039917e+01
6.481928121808394394e+00
7.305094795028084675e+00
6.714263199082695976e+00
1.198543230389126180e+01
1.503187499914492520e+01
1.371507133130647027e+01
2.250132005648085354e+01
1.460000373255728334e+01
2.016191083123588612e+01
7.210539301263811929e+00
7.506537473882009870e+00
2.604861192451055629e+01
9.504377676597364655e+00
7.956968063641683742e+00
2.544964431072775568e+01
3.408038501909889817e+01
1.412379945715113827e+01
9.932611354959108851e+00
1.532791401318867308e+01
6.125441365997562393e+00
7.250538879704462758e+00
9.679975790624835597e+00
2.028102808947286206e+01
8.902876881209390802e+00
6.476912141056741845e+00
9.807983975656787479e+00
8.208707275332608688e+00
6.461540868571729490e+00
1.007227460009673337e+01
9.463776538939573157e+00
1.658926060526313506e+01
6.522324905487602464e+00
9.812095007768835586e+00
9.353675312446039669e+00
1.432625403785707263e+01
2.350839405102563973e+01
7.234443575616079869e+00
1.955359645503158816e+01
1.352719654019225715e+01
6.237430274187969026e+00
1.764991334155483926e+01
1.217212290086338022e+01
1.887265678915167300e+01
1.020572793492343422e+01
1.476101401264341462e+01
7.773199392503075345e+00
7.704007047794434015e+00
9.327304888718975562e+00
1.186243393648774713e+01
1.608510127742127338e+01
1.479221474320660690e+01
1.977837009687215541e+01
1.044654090211176545e+01
2.549160702436248371e+01
6.924792894143252830e+00
7.658194184302153040e+00
1.520895772374945665e+01
8.341800054242291651e+00
7.438666483936763996e+00
2.340717866284395399e+01
6.566821196839978114e+00
4.411436603394945877e+01
2.187824888122683831e+01
2.221526317378154403e+01
1.392624079190650832e+01
8.037648379181499436e+00
1.879952740439712144e+01
6.442415304758629446e+00
1.298039863510776470e+01
1.062655174853069440e+01
1.710338411660215741e+01
6.192441210503954352e+00
9.912323935433358102e+00
1.118683465009503308e+01
7.322386783122732723e+00
1.028532186331907816e+01
2.530613893620203925e+01
1.105843721247990352e+01
8.320424943857277711e+00
1.208002545479199341e+01
6.502176100446495965e+00
8.788163888282017666e+00
1.824637225939840235e+01
1.421586237448824086e+01
6.194217374202091619e+00
1.274945389409925411e+01
7.960456059265687223e+00
3.575464853543714128e+01
1.824823060967764832e+01
7.094883758659682016e+00
9.896165486594519223e+00
1.138628007173831236e+01
7.610779707978968744e+00
1.574684199330735801e+01
2.072988846901534998e+01
6.035796731671409177e+00
7.143791934738617400e+00
8.666601349236580987e+00
3.913663700366131337e+01
1.014720565251364803e+01
7.493065553032441706e+00
7.031099760213058047e+00
2.452991623046143133e+01
1.929613350126932048e+01
1.372596168664735217e+01
1.220693914562515303e+01
1.801018607147942419e+01
9.063571009230471986e+00
1.416998079076807926e+01
1.668010995281739284e+01
1.285754952725180189e+01
7.478423817240567928e+00
4.009536567806804896e+01
1.933634814147508862e+01
1.139659687955341205e+01
1.374004435223920950e+01
1.741946426838455153e+01
1.090855628367800811e+01
1.674944160173061647e+01
1.785990144996021201e+01
1.091479727388163568e+01
7.663755381715341208e+00
1.328579161560388755e+01
1.246467326786106078e+01
1.155308031976836247e+01
6.482944434837841996e+00
1.802489789744083737e+01
1.218979664437624066e+01
1.050609976381437960e+01
1.949453625525534051e+01
7.754055821317346719e+00
8.536133053375470681e+00
1.416714658378196923e+01
9.955131755671899896e+00
8.888554270307119864e+00
8.350845360683402774e+00
1.132006711428645218e+01
1.795235061731312953e+01
1.909142958914927490e+01
1.850691436116976263e+01
2.334759860908796725e+01
6.416595790288214474e+00
3.823603565203097787e+01
1.044744158960857838e+01
7.715275519096461032e+00
3.405854105146069344e+01
1.995209354530277679e+01
2.724254850477102607e+01
1.192448892999419741e+01
1.701841847622983295e+01
1.186282568024521211e+01
1.220267278934928257e+01
3.020969092734047834e+01
1.672619389838604320e+01
1.269203627549539348e+01
9.990323562635635923e+00
7.436149239466361749e+00
6.983946053704026546e+00
8.849584981506978920e+00
1.544216337864956223e+01
7.701117472353571358e+00
7.127552783400656899e+00
6.647575531391312964e+00
2.097938672035613195e+01
8.208029019291506856e+00
7.793657575136835547e+00
