6.267586232556799253e+00
-5.570041249218094848e+00
4.556514696377468532e+00
9.033297042973199353e+00
2.925251733450210168e+00
9.370168112226222590e+00
5.835585773436248402e+00
5.566871216343711737e+00
3.661586469973542535e+00
1.019433932091894413e+01
4.269378823506094989e+00
5.994918883857374148e+00
6.017635201505292741e+00
6.070850865968937526e+00
3.038496708231411603e+00
8.305750141712850976e+00
5.654504984986202132e+00
3.880166847405015496e+00
3.215312580039207724e+00
-4.978971557583733443e-02
5.792884447674173209e+00
7.341775466951437679e+00
4.195755209937209074e+00
9.136070397854766156e+00
2.449445223344186573e-01
4.770354013385138536e+00
6.062676136067836730e+00
5.455404818734622019e+00
8.672932492724104492e+00
6.419286487040347211e+00
7.804118697351104750e+00
6.230104404598640677e+00
3.445073556487750821e+00
2.651216932306176943e+00
3.503260299357022767e+00
4.064940627742226198e+00
7.824847863819299754e+00
6.657405025314620417e+00
7.825256814701521790e+00
9.332197049662502408e+00
7.686999359569524515e+00
1.039250484067398972e+01
9.964018095748969017e+00
3.201250455366084324e+00
3.916730438735140041e+00
5.501864833597059246e+00
6.476277151960129430e+00
4.570588852808355362e+00
7.395092561351566118e+00
5.974918286035907578e+00
5.673330371286779084e+00
6.849141181176179316e-01
1.182690764984631215e+00
3.118213592974703907e+00
1.040028454107469003e+01
-1.226436585473265950e+00
1.031470746097351210e+01
4.677884476488967991e+00
4.317296682003508579e+00
8.069430335847586733e+00
7.880036780369634286e+00
4.394951950468577451e-01
7.652834926541166816e+00
4.963920809513508559e+00
3.224426947510568908e+00
-1.912982383663184294e-01
5.643081863210893445e+00
7.318482864790683884e+00
8.612582829875242041e+00
1.080907119679142170e+01
1.887170789657579562e-01
3.958867778749810995e+00
-2.536502331725699833e+00
6.006342013122305090e+00
8.643912801558807146e+00
6.447500131551306524e+00
3.882668975106740916e+00
7.114994859046457343e+00
1.376890383736631307e+01
-1.440032763138570360e+01
7.839511721604716321e+00
3.257893669328143282e+00
6.991166528630152754e+00
2.197321271929119746e+00
1.688880073818243233e+00
7.629013105528731131e+00
7.188362194167361885e+00
7.647005103194784326e+00
7.089861621527625779e+00
-5.533458586145449942e-01
8.569349494412302093e+00
3.776502056194532386e+00
1.955030489050376019e+00
5.438506161168638720e+00
3.461635955767584427e+00
6.647821043168475441e+00
6.512112471090496513e+00
8.110689352384460094e+00
1.288347476089253618e+01
7.519682401998645460e+00
6.042475313736925813e-01
7.141586686214671076e+00
5.432969255211929749e+00
5.402117063157628962e+00
3.372989089496265969e+00
9.883091679057685042e-01
1.213576029700115022e+00
-2.044724138011384085e+00
7.582324026310887533e+00
6.961583936263775030e+00
8.197244933948397261e+00
6.596570658187502545e+00
1.119100579298587306e+00
6.886515518403865777e+00
5.357876705584453170e+00
-1.832931787444067595e-01
8.937685629342517757e+00
8.887812001437978893e+00
5.940149794849786780e+00
4.170076244348473793e+00
2.209241469909146716e+00
-5.004313687099148922e-01
7.589424935491173585e+00
1.057867079628924145e+01
-6.223658413202937112e+00
4.697275123972617372e+00
-2.559181003673209887e-01
4.160032367365058548e+00
5.546708440189340727e+00
4.255740856661506477e+00
-5.607346414368127085e+00
1.200684025172409619e+01
9.346769452329207084e+00
7.238021222741613414e+00
3.995330555275026896e+00
6.467010272846724028e+00
6.646910341908850661e+00
3.404105247169787241e+00
-3.134102938883909673e+00
5.893668565230841594e+00
9.910549324293674189e+00
6.998029116882337419e+00
2.072988116649293389e+00
5.340920128798927635e+00
3.896944188741141346e+00
5.263521309470590381e+00
6.776507210446419016e+00
4.760335274329721145e+00
9.071080228683403135e+00
6.490060412417191671e+00
3.527071123933002816e+00
5.810316198746161120e+00
4.489137340140731069e+00
7.439652637411389158e+00
-8.171667377908089946e+00
5.587791894135781590e+00
-4.680380245627747016e+00
1.126317691045747793e+01
4.937166635115247892e+00
2.725762705646309847e+00
-1.286178427859940854e-01
3.418937470088667219e+00
5.992336911769839958e+00
1.087515471582402249e+01
-5.985585811305291770e-01
1.816803143490264283e+00
2.703635614778105101e+00
7.174670637514780402e+00
-1.122173377645347969e+00
8.752734695638151763e+00
1.945264938760754347e+00
6.721493649624891376e+00
7.121122751166918619e+00
8.731084066395323973e+00
1.776278671313572310e+00
6.769258054489558418e+00
3.534696418252529782e+00
3.878661755393524757e+00
4.943747919604961183e+00
3.760833375967322922e-01
3.591257459497695592e+00
9.698591831154423915e+00
1.345118586712175102e+00
3.138650430509272837e+00
7.603443431743611924e+00
2.368447217478896860e+00
1.064166313960800636e+00
1.509621344544656907e+00
1.177840535264212463e+01
4.112173773817228373e+00
3.951201150525290196e+00
7.086737301988636162e+00
-1.795043983832915302e+00
1.150820673794656912e+00
6.738338685267011741e+00
3.187170346470401761e+00
6.574623301569236133e+00
-4.761306715884975560e+00
5.627574322749244295e+00
5.244752832055862513e+00
6.737339830055644185e-01
7.922197825722587794e-02
9.398917028654624417e+00
4.915909476010031476e+00
-2.463907704107846541e+00
7.497907358344662043e-01
6.319696728206828595e+00
4.674932754125702417e+00
5.688222032149884200e+00
4.514515373424392131e+00
9.340444196080676775e+00
7.806630424885703690e+00
1.131980893854385783e+01
9.665788793433003789e+00
6.819145726445710487e+00
-2.313824544005660400e+00
1.562930681222458595e+01
4.645218822158478922e+00
-1.877326775922824709e+00
1.248916413790579050e+01
5.461813291497348288e+00
4.520887509495501000e+00
-5.191276828324429715e+00
4.249438327147722738e+00
1.389841831422753415e+00
6.729866494245337449e+00
-8.001791284465330278e+00
5.151272872324900831e+00
-2.850859923685140629e+00
6.692519643525475459e+00
1.006322989518623423e+01
-2.877472065571868853e+00
-3.392816618372798132e-01
5.005095344564048254e+00
1.149486253247684431e+01
4.095166265610417966e+00
5.837336747031512729e+00
7.131892240268467020e+00
9.393659337193071224e+00
1.283031017206697655e+00
9.054114591631538644e+00
5.928079253651316272e+00
7.585132363598783733e+00
2.920642852240839638e+00
4.874284241047290855e+00
1.797666258035581777e+00
8.169181504940848271e+00
1.731303169730199265e+00
5.278715618239258944e+00
4.154323354880345320e+00
-2.482181256893236210e+00
4.101519705322385967e+00
7.360186711059991893e+00
5.116974843357016134e+00
3.024651105143899343e+00
4.401369615774470390e+00
7.257019903358147062e+00
6.281805508094967294e+00
-1.231742847174537303e-01
5.136323870216597420e+00
1.640215434981845632e+00
1.120088862792886886e+01
6.911455007872992162e+00
-1.047924217663673829e+00
2.345731537383003662e+00
-1.153776129390314154e+00
3.703453431232714088e+00
7.776881348920829495e+00
-1.613774716655207442e+00
1.074628498896487372e+00
2.588596220755349009e+00
5.908446491351215357e+00
1.097370211777114157e+01
7.777430129332909559e+00
1.675027141128968111e+00
6.649555085843314117e+00
5.345716624462316879e+00
4.802257005893566522e+00
8.997175403572732932e+00
5.609068215440963456e+00
5.107727729879130152e-01
1.067443833573310741e+00
9.264594634998328360e+00
-1.076841940890746585e+00
5.261316749558684336e-01
6.153239389192394881e+00
2.021707034022357519e+00
7.816556312913585103e+00
4.136902477592293792e+00
4.723363564198325371e+00
3.177731761753799233e-01
-4.143056207261297530e+00
7.108293173559184552e+00
-1.312963898202184510e+00
6.043542250709545982e+00
5.188799450339542929e+00
5.029450944295831505e+00
2.967409765832747404e+00
7.077153517699786178e+00
3.994702058141261780e+00
8.041171099365396202e-01
-2.124733538979686642e+00
3.427698273415552777e+00
5.774661927569185949e+00
1.964484586955965284e+00
6.945112527261155577e+00
-1.818547441668076914e-01
4.633521562378968284e+00
5.181898688400540465e+00
7.757621115582606919e+00
5.943713355768132089e-02
-1.302416568312126088e+01
5.156902485783088075e+00
7.935204354672489302e-01
5.472733896690357369e+00
-3.684547682757472131e+00
4.794133329603674554e+00
3.901917147016546572e+00
9.024069921976538566e-01
4.597870744838274959e+00
4.678419794510811691e+00
-1.564896969505911173e+00
6.357350407214367394e+00
9.097723764841893157e+00
5.819563562431453896e+00
5.934508156901609155e+00
7.003898717944061048e+00
9.585702301211377119e+00
1.149605824706431889e+01
4.811262945044257222e+00
9.821676969202504992e+00
3.596417118920806288e+00
6.809438765473823985e+00
9.603763946760620840e+00
-5.785515524760610262e+00
9.234758740093724327e+00
8.602861016688580165e+00
1.745139632314712586e+00
4.079112076826245215e+00
1.822117291371245784e-01
6.992311569944973826e+00
7.288806745995385583e+00
8.539851354672855166e+00
4.366234652529027649e+00
5.958583280270397964e+00
8.028687509672913336e+00
-6.305752810566627176e-01
8.977164975536844338e-02
7.720763737193399479e+00
4.370832746174615480e+00
7.555339218050361794e+00
-2.184384171712809319e+01
-1.495709042304582681e-02
3.686297589225340232e+00
3.967055370481566534e+00
7.907362822993026619e+00
4.956155358827873947e+00
9.182044686766454689e+00
4.215985388962775637e+00
-1.604670304373479794e+00
4.511777609552120261e+00
4.091044110822323887e+00
5.288118093655890917e+00
6.040759848131800780e+00
-1.979289157580019776e+00
5.853671173883187251e+00
4.010520833072019897e-01
4.280134346770610776e+00
8.718755390585654297e+00
4.361983320735021152e-01
1.794666750507559527e+00
4.200772305322626465e+00
-1.906353798886742723e+00
2.813780980912270913e+00
-1.178483930227709919e+00
4.677336791086259993e+00
5.486711974181303297e+00
7.012291948674618247e+00
9.291378553927042816e+00
4.332118737218612736e+00
5.939694879971906261e+00
-1.922142702436625328e+00
4.662433151906653528e+00
8.379530447896600620e+00
5.643504846173120093e+00
3.752162753013676522e+00
-7.635795612884486161e-01
4.861432018902931418e+00
9.197008459797228141e+00
-1.316741239472083436e+00
5.133188038432518141e+00
4.230686610652826474e+00
7.110510627005517392e+00
8.020365669526272612e-01
1.180562525949664376e+00
6.703145859556456365e+00
6.383807318201446535e+00
5.022664552256150827e+00
-9.724656655537607719e+00
8.183156852743824317e+00
1.195666619400458153e+01
6.275706763819632883e+00
9.516513762157600809e+00
7.094467239332779229e+00
6.420407028051862142e+00
3.516424845793418186e+00
-1.096833380032952832e+00
-3.750756099015060130e+00
4.446824939329381721e+00
4.525533004757560818e+00
3.858667427736911293e+00
-3.964189514815588566e+00
1.650391102760679907e+00
4.955439555389133943e-01
-6.519082230107414944e+00
5.867072036100735133e+00
-4.601004072706356141e-01
7.463703778453982807e-01
-4.551254261150052827e-01
7.161466087200076380e+00
8.577023902231104557e+00
8.067716207299202580e-02
5.838104431384461890e+00
5.871710928738032464e+00
2.755707096899118191e+00
5.612250402276238503e+00
4.293310398907021153e+00
-2.113927805943731641e-01
1.024118320689347605e+01
6.372328904591601173e+00
1.009389238924313403e+01
7.994930765461587541e-01
7.462037574882367075e+00
4.179037346442330048e+00
9.433676227000097114e+00
6.445119426877878865e+00
7.213862661104588625e-01
-3.723099480500998482e+00
2.469999578296420140e-01
6.673197152778222119e+00
-7.097376232256971562e+00
4.687844009875387741e+00
5.318013536114006179e+00
7.658666331784878878e+00
4.411822092643837401e+00
-9.133712469204574802e+00
1.942307765460414615e+00
-2.604690226996559943e+00
1.137851372623506307e+01
6.028898967754929394e+00
-1.256275165514500358e+01
-3.220872180425995879e+00
2.038426048318711103e+00
7.303445893280552603e+00
3.979806186393016532e+00
4.918831297648796230e+00
8.415322841452249847e+00
8.701081128188972613e+00
4.244362364370720009e+00
7.117293419976816971e+00
2.158403204329186309e+00
1.251141652074755584e+00
1.106784845603587897e+01
6.027033794228870534e+00
6.188776174799450303e+00
8.493292746173006336e+00
-4.264013652990708891e+00
2.809253817861957714e+00
6.731876590673733673e+00
4.482528406695927004e+00
9.762373604128981697e+00
4.446939106160265887e+00
2.802831482915770778e-01
8.977205239889908484e+00
-9.355472709748571702e+00
7.103691212852139891e+00
-7.821172185780941533e+00
4.557618739717852030e+00
1.746067058513298242e+00
1.001991547878029820e+01
3.958459596735552033e+00
-3.864439089239624536e+00
7.282535942388280503e+00
3.154056631825940649e+00
6.037632650680254898e+00
4.037632811579384473e+00
4.340084968597549775e+00
2.543561146874860235e+00
7.400956690392537674e+00
4.562018518842356762e+00
-3.139204857802415205e+00
9.814906108859254630e+00
4.847293982766609943e+00
4.753961552217445430e+00
3.467608751833950009e+00
6.001325479205130264e+00
4.003367036239594334e+00
7.014174200204916332e+00
8.474708412249633227e+00
4.786083909351471100e+00
6.148467503534048362e+00
2.920435354946765649e+00
5.919521328679309136e+00
6.002095835067393637e+00
4.974637772786517864e+00
9.714975995640457995e-01
6.787971929549447836e+00
3.187308522866966420e+00
3.877974960240311297e+00
8.129243172764853753e+00
6.393955985974956846e+00
-9.881151312299483180e-01
5.420354660160855431e+00
-8.411124244007037731e-01
6.088296608506163388e+00
3.938837626942227388e+00
7.666834577465061251e+00
7.316924838882345128e+00
1.727195058056054577e+01
2.961606462671028339e+00
1.249257631108831923e+00
1.424112762736490012e+00
5.698660954971942694e+00
3.344894063554340491e+00
8.969063854678777759e+00
-1.108010451598829604e+00
7.162957573810306400e+00
4.785906241159239904e+00
6.020566864270711527e+00
5.606533038732527174e+00
5.128064838952973048e+00
6.545065696757449203e+00
5.256911718978669157e+00
9.275094204352040350e+00
5.306578963135375027e+00
9.216667368209645161e+00
7.593098246998901679e+00
8.077921346239444134e+00
8.801099022198568989e+00
1.700246946622450572e+00
3.427766247275622291e+00
8.836665289891426411e+00
7.631077951952249805e-01
4.789611449125519727e+00
-2.919970347348712636e-01
8.298366573137627711e-01
5.615371230324266882e+00
3.952461451065603981e+00
4.206877313477424885e+00
4.942223345826860736e+00
6.218148085934664060e+00
4.867741259279787513e+00
3.419730910807202484e+00
1.546724836400651171e+00
4.568566634125405201e+00
3.756538540949355465e+00
7.694295765934147546e+00
-5.964479527725764285e+00
5.461988051639593778e+00
5.861438047311279043e+00
1.201276637606246567e+01
8.607746649378807291e+00
5.021693795355719914e+00
2.839799073377101912e+00
-7.203118593849133333e+00
2.247549803745757302e+00
8.076490004729317107e+00
1.089484761075892649e+01
6.569076732305653366e+00
5.739697021133683741e+00
5.759501785806864227e+00
6.126009628573373611e+00
-1.280093652433804152e+01
3.702105213322400168e+00
3.289691940079823240e+00
1.117000315821047707e+01
-1.593089950325775561e+01
6.890116251780899148e+00
4.038178688743150779e+00
-1.702435859785648375e+00
3.613415281741001905e+00
2.994012581616223301e-01
-3.311272273770264007e+00
6.414225852595906829e+00
-4.533324890953085884e+00
-6.710167427047569078e+00
4.227620726939470330e+00
3.621891755911113009e-01
4.407690154172183128e+00
3.663625470053419875e+00
-3.624669379751281895e-01
6.039731097936469340e+00
6.124436346702737843e+00
6.081710352880842052e+00
8.304210374810194750e+00
-8.469196581229613940e+00
-4.188367968204232739e+00
5.068679762885667905e+00
4.581972567333785662e+00
1.235790547034690512e+01
3.579404276650180350e+00
3.886417756055265293e+00
7.930888736916914539e+00
5.900175586735612931e+00
-1.430501620658780837e+00
-2.041693878123828298e+00
5.113789932114007897e+00
3.958758488155772248e+00
6.881592915190459792e+00
5.941809958592942920e+00
-1.909791263975159126e+01
-5.668300903603075369e+00
7.979855321878042140e+00
1.060369738028294151e+00
5.455333535607269191e+00
9.698788320694244902e+00
1.057222860363907735e+01
8.036273329731416837e+00
8.663812190858424245e+00
8.936542282136439752e+00
-1.213199258665863312e+00
8.204080257946287702e+00
4.134392502102038236e+00
-2.922065416766246315e+00
5.152404018143720954e+00
2.796368442433472268e-02
-1.116947117327965699e+00
4.595542504103125481e+00
3.134356555359465446e+00
8.545547516126362098e+00
3.143287109521061495e+00
7.775631302962484170e+00
-9.499145379533338485e+00
9.944191243033234429e+00
-2.215471224593509092e+00
2.532215445668432707e+00
-4.509157204204246483e+00
1.028142578936725471e+01
-2.361223635314154023e+00
3.493551768575819949e+00
6.244783939202589451e+00
3.212545650236891426e+00
-8.156139215877765025e+00
2.244769731565297022e+00
6.691277941842741939e+00
3.782878862100236717e+00
7.749286236567384911e+00
6.914780130396994906e+00
5.591285261291607078e+00
-5.962227141544325093e-01
1.145822011465640244e+01
5.047773806826610254e+00
2.498433548894247735e+00
5.725394134540796820e+00
6.620121777858462231e+00
4.594897775143371277e+00
6.057652901899454712e+00
-2.005660521605872049e-01
8.437853062781105251e+00
6.390478450456778425e+00
7.244174690109991488e+00
-4.847791609916995981e-02
5.036271730264494373e+00
6.494283919930901483e+00
5.061280541293720958e+00
-4.522776011428675247e-01
-1.893549905081620466e+00
5.841036723210411452e+00
7.491097093752750347e+00
1.377548465094068675e+01
5.443902575472505667e+00
2.094003855768827194e+00
4.036227665822234023e+00
-2.391371615457984490e-01
4.117339765483054137e+00
7.985436879428295498e+00
3.896801940383896934e+00
-2.358485454213887778e+00
1.084827820239762097e+00
6.294916126678499424e+00
6.482243882296224058e+00
1.629956135803864115e+00
7.635029324642084170e+00
2.750143000910193258e+00
5.340130422722237036e+00
3.056913088303625514e+00
6.498880697381203220e+00
3.757720917026295737e+00
7.133395784865557587e+00
4.732162287133923506e+00
6.044480439964500462e+00
9.352227371666998579e+00
4.311784329588085996e+00
5.297994373423583703e+00
1.486839712929905133e+00
6.501656762876179663e+00
1.853523289993434631e+00
6.471116081451161683e+00
9.290187249385708057e+00
9.720094958948815034e+00
7.544070601998924985e+00
5.202252004747967895e+00
7.949270634248589928e+00
4.510007542694436822e+00
3.769741992167687350e+00
6.580465406159206943e+00
1.773032986098039387e+00
-1.301526373652674096e+00
3.663549785409008663e+00
3.408029040653842934e+00
1.236542257640831366e-01
8.168631666597082841e+00
6.281754165608651519e+00
-4.403351942304738031e+00
5.210712915295857783e+00
8.546528639730786026e-01
4.968277090851014322e+00
7.226810470972541367e+00
4.109842212486567448e+00
5.681592764831200348e+00
5.263008686828053229e+00
5.521769641860707623e+00
4.686576248958649771e+00
1.105356076926229392e+00
2.258657398867454980e+00
8.746979434038838264e+00
6.907529620152276451e+00
1.152759833075385387e+01
-2.226188193193422649e+00
3.153928330531808655e+00
1.027895530315412387e+01
4.347790071961346925e+00
5.743717442289979935e+00
5.456543918481847832e+00
5.859435566407977802e-01
6.841386454734387002e+00
-2.008785900744440411e+00
5.192397993342375173e+00
5.314560046764046142e+00
1.689313856470350927e+00
7.023211992439790663e+00
8.782391712055115818e+00
1.124501243581381615e+01
-4.287904180366401974e+00
3.079180868538960780e+00
9.325413297924606937e+00
-2.428694841983899622e+00
2.644453925008694029e+00
5.154220284608554081e+00
6.926208963029671928e+00
2.073951416446918827e+00
2.974830607156594198e+00
1.574452683181672086e+00
4.380532306214323768e+00
4.910235532788782109e+00
8.834141390572151309e+00
7.221835397530425915e+00
6.697178045667531165e+00
5.480832002836486083e+00
3.282322518078059304e+00
-1.471853313231175520e+00
2.481191597266973581e+00
1.576828134983507823e+00
2.071730323584286104e+00
2.056028785526184066e+00
4.268754006606478413e+00
3.806331202657112556e+00
3.370925907558936174e+00
8.544332031406471017e+00
1.703036706493969099e+00
1.043085024326390275e+00
-1.234414140411598027e+00
9.326200813232066622e+00
1.571383877103385451e+00
5.477499761536568812e+00
3.738737099101436812e+00
5.336678964161374772e+00
6.063863159040721484e+00
7.984323547809675681e+00
4.934890608465899220e+00
3.268162775445357937e+00
1.352796912821675690e+00
5.764354091689109616e+00
3.949573199017386571e-01
8.185038180991798029e+00
-4.182569758141216454e+00
8.049444035056676938e+00
1.949010096376229129e+00
4.770085299731761985e+00
6.835984974598247277e+00
7.357810404492837186e+00
4.005577408063987654e+00
4.868803999016341422e+00
-3.998931110609776240e+00
3.442848658638435033e+00
2.515952472007182195e+00
3.895564527288245316e+00
2.981004202903657863e+00
9.694779033889000530e-01
9.731576317781700070e+00
4.257345438670634863e+00
6.023677745374458326e+00
9.367836938960758530e+00
5.479206885353615775e+00
2.795068879506583670e-01
7.403547678680794775e+00
7.261030668200532112e+00
4.031895824014329222e+00
5.204328175851978600e+00
4.217689724884610136e+00
2.020391984841123367e+00
7.144323017827152178e+00
6.966189691128962025e+00
6.101835947937010118e+00
4.491449669681371937e+00
4.571461523475170985e+00
2.953404298212497281e+00
2.567419207341417042e+00
8.096099600159055498e+00
8.232594469242650703e+00
-5.955084302124248552e+00
6.735846621510683363e+00
3.296468292322432880e+00
9.210142783369693831e+00
2.265383962734903278e+00
3.353843859003066363e+00
6.993732436993940205e+00
-1.308631444285339285e+00
6.631396704775632145e+00
6.338060257933392450e+00
3.016015139256840172e+00
6.673914286286331432e+00
8.898519047460906606e+00
7.566975387151455124e+00
5.024005208282398272e+00
4.049351787482020626e-01
8.718903240943330246e+00
4.785969683937082664e+00
4.062162794907796304e+00
5.273943952498631127e+00
1.865929206789131989e+00
3.362040672093330684e+00
6.882284949287321041e+00
5.404549747300062990e+00
7.138018609718836061e+00
7.134939832339743049e+00
7.053508449364300326e+00
6.598233607381445154e-01
6.128502771301716834e+00
4.704309517928577655e+00
-1.825405673575057008e+00
7.922989569731691439e+00
1.955759697553295595e+00
-6.471314021535247818e+00
6.071218497862190588e+00
1.196783598699486362e+00
-1.843540242464985823e+00
9.529536209285643267e+00
7.481808098213047487e-01
5.042540394680995242e+00
3.676057431753924298e+00
-2.783079750869447366e+00
3.129838417091743707e+00
3.508410408814051529e+00
4.817673368214875573e+00
6.619716993090779766e+00
2.138650350668012834e+01
5.030129016554383270e+00
9.759216463007454934e+00
5.104578399332311278e+00
5.655159127253947204e+00
5.511128486470884269e-01
5.465538132944517180e+00
2.503231716777384541e+00
2.668898749442275786e+00
4.298650855613104227e+00
6.158550832274183762e+00
5.852003298767542105e+00
3.041080103885350994e+00
-4.082029901984247644e+00
2.290895327392341585e+00
4.466791626908508839e+00
9.018155095360041784e+00
5.793887369760753359e+00
8.488394495131352357e+00
5.658025037697193227e+00
4.381467277859496079e+00
3.282339473452308809e+00
1.073314888783232135e+01
4.687708172385780969e+00
3.596457407822225782e+00
8.985055640531118826e+00
7.654171139969845328e+00
5.614127947098095817e+00
5.426039239936431002e+00
4.850944982219761670e+00
-5.393894355505857163e-01
6.449549202860561437e+00
3.756349751138078119e+00
-5.642654161783671185e+00
6.794820584749753145e+00
3.332583061065559349e-01
7.502038485361024023e+00
2.490728128375906181e+00
5.594778623300237008e+00
5.456732040437636044e+00
1.280489745987846817e+00
4.344748310116412604e+00
7.735025334646293160e+00
1.082756427044405712e+01
-5.447615945635002177e+00
7.108948433981572279e-01
5.852920695192414868e+00
-1.166389195463438710e+01
7.096171083157643444e+00
5.566616287058008261e+00
6.322387098735751110e+00
5.909791008260533829e+00
5.699448858876877466e+00
-3.585740970909174763e-01
2.172696688604730753e+00
4.563732430852573962e+00
3.343291498844191523e+00
7.346428032539536801e+00
6.343198675446887869e+00
3.098345862089526115e+00
1.000192135247471725e+01
6.078023714452524651e+00
8.066199331673152173e+00
8.928049400976597383e+00
1.623528250232319614e+00
3.967748709456445866e+00
-1.878671673623887983e+00
7.347928779203556360e-01
5.603562363182133410e+00
5.018045743056737784e+00
4.331249128198258802e+00
6.711827411171965352e+00
2.569663765100352215e+00
4.122624638788518148e+00
9.639664218331374101e+00
5.434552131722603541e+00
6.396638983740119855e+00
6.976256980691726284e+00
4.412878511563516959e+00
4.271116505244214601e+00
4.618293749890161948e+00
8.268404670425701042e+00
3.639780627369776589e+00
8.606467858900385792e+00
-3.044638702848409650e+00
2.405265615726692729e+00
8.802813681495527121e+00
9.505623139614431949e+00
1.778332048795032705e+00
1.918800703624985893e+00
7.059931860274190285e+00
3.618500027479432113e+00
1.747729190660914256e+00
2.062478779278401397e+00
3.017827905562171509e+00
7.898115448561319418e+00
4.497909098154083907e+00
2.816071439736340665e-01
3.717505523569636594e+00
3.224861527158239483e+00
-1.230611784519215490e+00
7.783899179762930665e+00
6.843667116493729274e+00
4.313727950138029676e+00
6.573419066589297088e+00
3.388148962872963743e+00
9.579895545170860061e+00
4.880055327474680738e+00
-1.151840689286096620e-01
4.661295966254579426e+00
3.605250961134444765e+00
-3.579072075142693876e+00
3.500713568963181643e+00
1.107065605261803398e+01
2.491780987472561826e+00
6.775987652371291858e+00
8.612712300227389761e-01
1.146900896897061983e+00
2.931281314622430578e+00
-6.102367546643664653e+00
4.734041324384149263e+00
1.072019833500427666e+01
2.758120525238238585e+00
6.296206274624340793e+00
8.036629503850997835e+00
9.671570602779638648e+00
-4.457234095148544739e+00
8.047157906247999648e+00
-1.033533855562701831e+00
3.119298655814905175e+00
6.949333339979636648e+00
3.685281429647703888e+00
-2.100211246555488742e+00
6.954932963215095576e+00
