2.528607834890906076e+02
1.000212651700282862e+02
1.293484111851135822e+05
1.066388532772491089e+04
1.000628208357493207e+02
1.043638109984950262e+02
2.919724107551396060e+02
1.000145715016384145e+02
1.000482822621556664e+02
1.565201594597602366e+02
1.013661976758694152e+02
1.271431111586633591e+02
1.000187018375951880e+02
1.000002941199973350e+02
1.115467754769885005e+02
1.000089905327398156e+02
1.000452286563066053e+02
1.006635551467742999e+02
1.670719941290317001e+04
5.087165067612316989e+02
1.000025319521132445e+02
1.542123145897696304e+03
1.004665355574765329e+02
2.925582175519509178e+02
3.005104893694361294e+02
1.189886587661870578e+02
2.672474806090221591e+03
1.008214506211035371e+02
2.860745199466502982e+02
1.038261786565386871e+02
2.811712945246387676e+02
1.000518007778049423e+02
1.126253677613212290e+02
1.011941144727337871e+02
3.116358378335390171e+03
1.001130382583819483e+02
1.300142944020195159e+02
1.353719028293194810e+02
6.499876210808109818e+02
4.456138214647504583e+02
1.016803333799631730e+02
1.006066786979262133e+02
6.266766006684096283e+03
1.000716603074694717e+02
1.009204693109122246e+02
1.037256832174687844e+02
1.000476880545622578e+02
1.008128682921074386e+02
1.040616231659448232e+02
1.003552496572581987e+02
1.015921837479739906e+02
1.053230134478725972e+02
2.373382175179688147e+03
1.015808945621760415e+02
1.017626003980588933e+02
1.201896460472000854e+02
1.541666680693524995e+03
1.000000485441659066e+02
1.156929517103448006e+02
1.306752796279391760e+02
5.587338423164220330e+03
1.108207041235711046e+02
1.002875904531777422e+02
1.513341840159973231e+02
1.000685932192409666e+02
1.464865001708577950e+02
1.000590888823078473e+02
1.069991165205010901e+02
2.338483564454411692e+02
1.000005193979807245e+02
3.247047013242498451e+03
1.000080961955195988e+02
1.237157630832801658e+02
7.356136884683754715e+02
5.649533622632030756e+02
8.765112362780092781e+02
1.104299338818628939e+02
1.056698505711438827e+02
3.984813721717338194e+04
1.248292213729005198e+02
8.920705946463252758e+02
1.012648121469816971e+02
1.626465775872951781e+03
1.001563495835912789e+02
5.937674012854070043e+02
1.206034612166104125e+02
4.010395238308159605e+04
1.001871771027849150e+02
9.509830534749147773e+03
1.028184880913222088e+02
1.000829127280828459e+02
2.485103584045936077e+04
1.028823597847046614e+02
3.992252362760467577e+02
1.000376717385209275e+02
2.638596032057643015e+02
1.003850359066817788e+02
1.007066367539975147e+02
1.327692638880626816e+02
1.003232059461590069e+02
1.164640964814052211e+02
1.063233677369566692e+02
1.158911475409779399e+02
1.080986540251642793e+02
1.015729478970891648e+02
1.306819085746623159e+02
1.002757979936679504e+02
2.156071144155110915e+02
1.445549490491967788e+02
1.020999623362372404e+02
2.224164863827432157e+02
1.167997181152223192e+02
1.064046498044992575e+02
1.000028291901228670e+02
1.000323463686728047e+02
1.000110373525584464e+02
1.000000653629742118e+02
1.014481932770490005e+02
5.001824746737067471e+03
1.393706684706933174e+02
3.396896965619434923e+02
1.049427490843125099e+02
1.191336689238984832e+02
1.041494171830622122e+02
1.136616421298996755e+02
1.445526423975889543e+02
1.353826221245132331e+02
5.717484595968036047e+03
1.003748338941249898e+02
1.010835536024574424e+02
1.134815403347937774e+02
1.002248318349930116e+02
1.016044880903062051e+02
8.627015192995003599e+04
3.188100400382386397e+02
1.160721208190199434e+02
5.180183676929304966e+02
1.023268583567874543e+02
3.139116895785124370e+02
1.131338049025440284e+02
1.000269699242126222e+02
3.719085183985116601e+02
1.104624897415321385e+02
1.924177156633039374e+02
1.146118813423352520e+02
1.004302095639255441e+02
1.800505743296188939e+03
1.000324803046423199e+02
2.485112586437495338e+03
1.386278148500814211e+02
1.031555733471176121e+06
1.023727951515698038e+02
1.000423522284641678e+02
5.805769512995532295e+02
1.000606912932425701e+02
2.951051301730931300e+02
2.573624783107218263e+02
1.000568647521984502e+02
1.014711973825648386e+02
1.277294183515369070e+02
1.000050366098428185e+02
1.331254036923222429e+03
1.573273292237301177e+02
1.003080458035513374e+02
1.720414988539368437e+02
1.010218967142983360e+02
1.294861500084051613e+02
1.210996233470709029e+02
1.676509932150972872e+02
9.820194775919769654e+02
5.195614970002370683e+02
1.609824124748988252e+05
1.024345162179318862e+02
8.679965699069729453e+03
1.000047448883323398e+02
1.006917936884083673e+02
1.849611515835540558e+02
1.017844357789584251e+02
2.464445749173695219e+02
1.363753561766991993e+02
1.001514560035879811e+02
1.000048761739048615e+02
1.190345167920961842e+02
2.540695044291629074e+03
3.447032085096289507e+02
1.007767487968184668e+02
1.020057769277344448e+02
1.000054290604346505e+02
1.113119690483891162e+02
1.060294851693869305e+02
1.000022089248194561e+02
1.001151282517381986e+02
1.062593336970350606e+02
1.013424319426987807e+02
2.103957032961678806e+02
1.009036995510638519e+02
1.050374027724895285e+02
8.321783599570295564e+02
1.010457386693707633e+02
9.760131216444515303e+02
1.227906670250904568e+02
1.657598427860847607e+02
1.001693721956024632e+02
1.003422576513591622e+02
1.248802018860696080e+03
1.293472556561817726e+02
1.010096539269579665e+02
1.000002153073057656e+02
1.405587759149951489e+04
1.071979656126051879e+02
1.311651082598195899e+03
5.786477383756378003e+02
1.002732983637223469e+02
1.001953358191207002e+02
1.001755420334323361e+02
1.035408693715063322e+02
1.043967663414008484e+02
1.990374588996788248e+02
4.508642385539824318e+02
2.883550115218209157e+03
1.003835502476288042e+02
1.067962986432002026e+02
1.742814631594682169e+02
1.845781013706068741e+06
1.000551050078353086e+02
1.002195025186587287e+02
1.002860448394085751e+02
1.211811746735002373e+02
1.000000015103119608e+02
2.068785302349982942e+02
1.000104974281920249e+02
2.530773945724334055e+02
6.420314516918498384e+02
1.382292941376453825e+02
1.001657889714190190e+02
2.499466248742081916e+03
1.037711103387912743e+02
1.339617294420405074e+02
1.992824836649554072e+02
1.000058870435569247e+02
1.048227340576537898e+02
1.001141643683801732e+02
1.000035103317680125e+02
1.000805777075277234e+02
1.001078354880217915e+02
8.136389601902616278e+02
1.635230548734376157e+02
4.559226398061155123e+02
9.028576038161570523e+02
5.599698769280259967e+02
1.872838489100857657e+02
1.004379129413572116e+02
1.474554459193921900e+02
1.002407937917485725e+02
1.295698925923579168e+02
3.264247537092386483e+04
1.010544397002297501e+02
1.276753802526376376e+02
1.000007915891094825e+02
1.046817389613913036e+02
1.282862929305137811e+02
1.003519675658682075e+02
1.000000046532716595e+02
1.247067347457365685e+02
2.173454282335938842e+03
1.024238409335107889e+02
1.828815422589239097e+04
1.001338616575620222e+02
1.021059574922780655e+02
1.011627958637381965e+02
1.000000388479123643e+02
2.613468416061045900e+02
4.669002247355358008e+02
1.547160128125912308e+02
1.861802675933242426e+04
1.149385382006379359e+02
1.065384311496308527e+02
1.064181278885236850e+02
3.711210318083858510e+02
1.009555578826604716e+02
1.005950795328334664e+02
1.031278135489157393e+02
1.000009431696378215e+02
2.742680915577572250e+03
1.135023156936445901e+02
1.005842364159150719e+02
1.161017424058252061e+02
1.003573028069968274e+02
1.000012848874879694e+02
4.120092015563707264e+02
2.335207814360992415e+02
1.003987388824597957e+02
1.000748362159048526e+02
1.590736903440441097e+02
1.018731403173787839e+02
6.433975261212626719e+02
1.002482878613712103e+02
5.381679208032276165e+02
1.278328134403874117e+02
1.110432158140252881e+02
1.000279248588361298e+02
1.356405809436812717e+02
8.255395116179864772e+02
4.578481613781705732e+02
4.365126912891587381e+03
1.009378383443036995e+02
1.612117446644442680e+02
1.350415625349083371e+02
1.053257646088357262e+02
1.000019046356323571e+02
1.035486327764549515e+02
1.004009444573491123e+02
6.663983662540535079e+03
1.215852043837458893e+02
1.006678899400825458e+02
8.438825358845574374e+04
1.002577921774735330e+02
1.068344715227893289e+02
1.000800895735048925e+02
1.000650824965934902e+02
1.103802374115797420e+02
5.320370770432289191e+02
1.051875158735010274e+02
1.000466644814850241e+02
1.274183880887269993e+02
3.021106924032178540e+03
1.297336958886599234e+02
1.221718601306327764e+04
1.600152265570371810e+02
2.280328542922779434e+03
1.783890353141341257e+04
1.339781024560978722e+02
1.035590744537938122e+02
2.382630767530563389e+02
1.001398202873103429e+02
1.075067453519176439e+02
1.001417351612566335e+02
1.173058836399872433e+02
1.036294172395328417e+02
1.232759347943458010e+02
1.103250092136114802e+02
1.004837975655634779e+02
2.818410577733565788e+03
1.007082516487266872e+02
2.020153772113202422e+02
3.198432724671173219e+03
2.135472345693922307e+02
1.002211709112802396e+02
1.060507890522540890e+02
1.000934173988270715e+02
1.163878087234755003e+04
1.000301937098618197e+02
1.063150393188291503e+02
1.010600217525913109e+02
1.032733600888379755e+02
2.194106210127650911e+02
1.189372403640645643e+02
1.757303027965159345e+04
4.581630085183555821e+02
6.003575578406757813e+02
1.001310517141173193e+02
1.006040515207040471e+02
1.000478886772210387e+02
1.020764566521716858e+02
1.046472432761606655e+02
1.009365271433703413e+02
1.003115922030466152e+02
1.263335801113703951e+02
1.022646035351942544e+02
1.000181508022630368e+02
1.124984857062999879e+02
1.482474402621799072e+02
1.879242790655789577e+02
7.236800268625238459e+02
1.018730198938534386e+02
1.758188668363014358e+03
3.134735982001245702e+03
1.035184321854210623e+02
1.002311053157596064e+02
1.041976337158786947e+02
1.004916166562098425e+02
5.388524633969894785e+04
1.003084623685366239e+02
2.217563288299616943e+03
1.298354064264642602e+02
1.494593367743689782e+02
1.001274760428270270e+02
4.223687408997125203e+02
5.896520127157151592e+02
1.145494565498888733e+02
1.012040992509249691e+02
1.011582832000781735e+02
1.002817954109677032e+02
1.149964077774162234e+02
7.762004513535304113e+02
1.046591729076451003e+02
8.593195384259436196e+02
3.054728088101049366e+02
1.136116513652898306e+02
1.432210939560694669e+03
1.020496733610114006e+02
2.408477283405015612e+02
4.162379571744540954e+02
1.002435446209866683e+02
1.000004747446272688e+02
1.005290630933920113e+02
1.002282311372269703e+02
1.000824096846337596e+02
1.050258260555165180e+03
2.905303292329253964e+02
2.528957316522328256e+03
1.001232550235390448e+02
1.013196811519839429e+02
1.001107312664954918e+02
1.000261235907254331e+02
1.009410399026183995e+02
1.163053260431742615e+02
1.296903694503239706e+02
4.691377184911913218e+02
1.228794224757108680e+02
1.000901195712196596e+02
1.000033602163255750e+02
5.161990742812477038e+02
1.632202336067420561e+02
1.271207515072769212e+02
1.943833582695030486e+02
1.013488386163331967e+02
1.099019389732782912e+02
1.050465974820127855e+02
1.007840334076151265e+02
1.490571341696411764e+04
1.000140988464455347e+02
1.580226570295893680e+02
6.826711174748978010e+03
3.055211377791164296e+02
1.001232164617583038e+02
1.020611406184538765e+02
1.716752101687627032e+02
1.040320694673634563e+02
1.000404503671345537e+02
1.007704857274564603e+02
1.004834350973669075e+02
1.303920114714128431e+02
1.001541086678498687e+02
1.347915177076016846e+02
1.011459340411078642e+02
1.000091637099020119e+02
1.286848661443935669e+02
3.794619394767320046e+03
1.746721632366042627e+02
1.004847846846798944e+02
1.002774317576878218e+02
1.001841698543834980e+02
8.370540787109707708e+02
1.768802648559026693e+03
1.181241163085783512e+02
1.209947320686008538e+02
1.426240915355293168e+02
1.924718891455403991e+03
1.286761417959361324e+02
1.005513873351938798e+02
5.318597366125484314e+02
1.004951975783701812e+02
1.001857231249800577e+02
1.020284905525363115e+02
4.249109629702008419e+02
1.221631045150952275e+02
1.008836403892932765e+02
1.002479814088394079e+02
3.410997809302263022e+02
1.004663858310299531e+02
1.036029176673196019e+02
1.000761502657919522e+02
1.642491923841028211e+03
1.007180075877113552e+02
1.000143963551417983e+02
1.017409189660856867e+02
1.071439464031358142e+02
1.002814829599337685e+02
3.093143045164805471e+02
1.000966024111865522e+02
1.197700293135715128e+02
1.000138763842924021e+02
2.757756124099781800e+02
1.229330258523025634e+02
1.242135795411375483e+02
2.148781445124144511e+02
1.004492152838170256e+02
1.531695969687862998e+03
2.048597726252600637e+02
1.098932470211462373e+02
1.822853972194319567e+02
1.120228422324896371e+02
1.000501664472270704e+02
1.169428082297280156e+02
1.729677910299390078e+02
1.487350829924017717e+02
1.000008252007441882e+02
1.009249734502276681e+02
1.048126938505369878e+02
1.021002482764225618e+02
2.236720929311304076e+02
1.000859751941941056e+02
1.071697585395128840e+02
1.615953194887282223e+02
1.867194352375764197e+02
1.018287245547032427e+02
1.003909537066734288e+02
1.008774823163656862e+02
1.000016466556615455e+02
1.309853155613711806e+02
1.001276924887107924e+02
1.000011434760324960e+02
1.039671383354139920e+02
1.013820358898007044e+02
1.044254061310862625e+02
6.914479117766054515e+03
2.521322406814672945e+02
8.474909926179586819e+02
1.150597355058592797e+02
1.346579064504563519e+02
1.000695134324083284e+02
1.182427082710816535e+02
1.025073443036030625e+02
1.002842267372894867e+02
3.852901324266769620e+02
1.682089338926490996e+02
1.481440074480954934e+02
1.000825269507595010e+02
8.403785559687471505e+02
1.055589846986962783e+02
3.010313475631476194e+03
6.064103768953334566e+02
1.000209957253163537e+02
1.005251585525557090e+02
1.045290495533384245e+02
2.282958598221254647e+02
1.003416999628608579e+02
1.088308356580493239e+02
1.170598401928401984e+02
1.875957884411343457e+02
1.176745251358661477e+02
1.254565785564222153e+02
1.000425855317609347e+02
2.034006985455633298e+02
1.000009999119975106e+02
5.852910737432038877e+05
3.227999170263491351e+02
1.774487598090626648e+02
1.000025389458084106e+02
1.001306300176956938e+02
6.144082658343270396e+02
1.133631014430223871e+02
8.583796482976415518e+02
1.001190336725142771e+02
1.016381324519429938e+02
2.085877699913489209e+02
1.615771962047782324e+02
1.007632521349531487e+02
1.008953591361358519e+02
1.282090827874004901e+02
5.014644132554820999e+02
1.081439507158606546e+02
1.000259416126980341e+02
1.016702540815482649e+02
1.001287996038958426e+02
2.528690924373788960e+02
1.040944984819212635e+02
3.316911227382572633e+02
1.867270937829099421e+04
1.049172742394575550e+02
1.646346696774397458e+02
1.041183040611493738e+02
1.671226038098922800e+03
1.009738775188302355e+02
1.512111246032497718e+02
1.029264627076412125e+03
1.347237269610798194e+02
1.342141057069459976e+03
1.001257117164615806e+02
1.261125642862655241e+02
1.000025668438581619e+02
1.101457868199332211e+02
1.002894283456969191e+02
1.009556883051435960e+02
1.046556499891671592e+03
1.155113069544067628e+02
1.000009672886337171e+02
1.065613354670443442e+02
4.964288703077353603e+03
1.049373804155178789e+02
1.121054898445655681e+02
1.001519165967793441e+02
1.008316731738683956e+02
1.010582342048892173e+02
1.020615772721620829e+02
4.527787752501430418e+02
1.034859692310210733e+02
1.025041897109470881e+02
3.799592638650731715e+03
1.000605712313381446e+02
2.176763976419164237e+02
1.175702808919403708e+02
1.002160236844029839e+02
1.000122231269630646e+02
1.006712600929367198e+02
1.019687492089282870e+02
2.298707614031790290e+05
1.001476867396486199e+02
1.001142733239528582e+02
4.340559325278226765e+02
1.000005186772826988e+02
1.317788617755378766e+02
1.399793898465505038e+02
1.239516187768431053e+02
1.000444591754310864e+02
4.397283872358709687e+02
1.112476491680832851e+02
1.004243165379159706e+02
1.002344908045110117e+02
1.010374532709650879e+02
1.170010456146648608e+02
1.036402135815901175e+02
1.078646658469312882e+02
1.014359647276235137e+02
1.000250085920732204e+02
1.040408655380148417e+02
1.000390344591159675e+02
3.367412530366082592e+03
2.019305984684721125e+02
8.840828679311538281e+02
1.071630808603394911e+02
1.115748890435602902e+02
1.909555901473201811e+04
1.006644325359579852e+02
1.000203279152974858e+02
1.013434359043683202e+02
1.222794707635920446e+02
6.156512948088297890e+02
3.922960439993918840e+02
1.090359253463006581e+02
1.000757969890388779e+02
1.012678295839935885e+02
1.002184153634625119e+02
1.018483894747086680e+02
1.215971149029793139e+02
1.113435045310278383e+03
2.389543019765888801e+02
1.008491119582197939e+02
1.026796433582530312e+02
1.073299951785636495e+02
1.028592674703303231e+02
1.000837786371972413e+02
1.190711822629669712e+02
1.006185678590513675e+02
1.397688639438690927e+02
1.000460470013199341e+02
1.006880414694443857e+02
1.028397305153964254e+02
1.268345143750213992e+02
2.065317312031551182e+02
1.180993905683626508e+02
5.260241010385856271e+02
3.088122662045777361e+03
1.030475363838952916e+02
1.182660538278319677e+02
1.077827448239413997e+02
1.002775254986648719e+02
2.153807779645648282e+02
1.128871176404824155e+02
1.117355864588526941e+02
1.218547698952779967e+02
1.086728384423355465e+02
3.753026823592165783e+03
1.178934207635343796e+02
1.000879068323651921e+02
1.003829199756250290e+02
1.006664131749641200e+02
1.795491475342692809e+02
1.002572141547891107e+02
1.000285462131622296e+02
1.000199230666772223e+02
1.007730591781852240e+03
1.007272175950062518e+02
1.000042421480166013e+02
1.017182353590469717e+02
1.068086565882829575e+02
1.021859263115785694e+02
1.000031226875335477e+02
1.046098346174302520e+02
1.000141033670698505e+02
1.021426144276871696e+03
1.210752600806808630e+02
1.004189646370010962e+02
3.234263501252412425e+02
6.497714022282132191e+02
1.023932699638619539e+02
1.010696947926148113e+02
1.003279323599635120e+02
7.359348519144246529e+04
6.346876340780784176e+02
1.065828709953986646e+02
1.081494535864622861e+02
1.271869612592862211e+02
1.182969218140789422e+02
1.007842312593213308e+02
1.016720075985452922e+02
2.714015986366621291e+02
3.860101801438214579e+02
1.097096065591491652e+02
1.007378156042354931e+02
1.082048091496016298e+02
3.084237001407618664e+03
3.557866904931522731e+04
5.818764711865587742e+03
4.062450705777603162e+02
2.600763286091688133e+04
1.000218140929246857e+02
1.005176517822760758e+02
1.110779295476231994e+02
1.001865099731238757e+02
1.032502762275074844e+02
1.034076477645659367e+02
1.028165366290891285e+02
1.138428905806352134e+02
1.018969245769968239e+02
1.163180417069171142e+02
1.001711281705256056e+02
1.027075437640333320e+02
1.000622388253366353e+02
1.008181714185755027e+02
2.999096816525348004e+02
1.111776341055733326e+02
7.161127824154578775e+03
1.049216914481209955e+02
1.000376938275925056e+02
1.002246338201819782e+02
4.353962918864365861e+02
1.023741695806272674e+02
3.689863971774715537e+03
5.833902199444805774e+02
1.000029862119966140e+02
1.011353539405142499e+02
4.426496681550945141e+03
1.042968602875105262e+02
1.076848821596561407e+02
3.694533885112711573e+02
8.043338569889219798e+03
1.199977062266029861e+02
1.124560572001945502e+02
1.290239697899880582e+02
1.024186802437694581e+02
7.305757143825823050e+02
1.760944867730617034e+02
1.002352146098201899e+02
1.516443246400750979e+02
1.023331134956829942e+02
1.066292020252549833e+02
1.002979981543212631e+02
7.288735508208224019e+02
1.037182396137128961e+02
1.000696738392941683e+02
2.994908885349763068e+02
3.510191611581734605e+02
1.026894763413051379e+02
1.000116657206187938e+02
1.000909912677753937e+02
1.001910306654583565e+02
1.538320002085724525e+02
1.342021663382849397e+02
1.841983576345186066e+03
1.483113642372182994e+02
1.948491115213381306e+02
1.203734766033492633e+05
1.013691272876136509e+02
1.958690435647444588e+02
1.004450041498842410e+02
4.976817098416490239e+02
2.008802383813764720e+02
1.041634266392053121e+02
4.199411142986753589e+02
3.732544385022786173e+02
1.003552145604311931e+02
1.003104434291406193e+02
1.001639158756556469e+02
1.000121637513094583e+02
1.000023972375410040e+02
1.006743111229648804e+02
1.281074118945874716e+02
1.062547586540039788e+02
1.100794031172260787e+02
1.060064206497779935e+02
1.019636323485439675e+02
1.005749133327684461e+02
1.050904518470748826e+03
1.444845967999310687e+02
4.167600825044891053e+02
1.146087461710309299e+02
1.365893422725996606e+04
1.000760028971650826e+02
1.275912741452889918e+02
1.038451191295266653e+02
4.662955608689692326e+02
1.417209442546584978e+04
1.006193935546171190e+02
1.279139116506137839e+02
1.584572320941213377e+02
1.000186094538041317e+02
1.000006277164963393e+02
1.036731840802447948e+02
1.054128134598684738e+02
7.841811374399620718e+02
1.213153817598084743e+02
1.035167679700741274e+02
1.113930116207035326e+02
1.856705740270277829e+03
1.058153642324432866e+02
1.002195118323301983e+02
2.165526262730666076e+02
7.114942908878580965e+03
1.004660363885875256e+02
1.000001856648918732e+02
1.144317831660184908e+02
1.646680404076062359e+03
1.189260628566045852e+03
1.079385992159062084e+02
1.521448729841285399e+02
1.000013033558463462e+02
2.485755529157728233e+04
1.001847807431483801e+02
1.245593728159823740e+03
1.102530040523497661e+02
1.010281149217463366e+02
4.790677377428144723e+02
1.002663005610247779e+02
1.287195899396822938e+02
1.023721115892897870e+02
1.006337392052575836e+02
1.803178149808674789e+03
1.236475449484913725e+02
1.029426849050755521e+02
1.004122340834870215e+02
1.024435913316268767e+02
1.007884130178770477e+02
1.083336990520763408e+02
1.000020503283985533e+02
1.076092782056044825e+02
1.008751834443543629e+02
1.284533582088600951e+02
1.000996776502640557e+02
1.001160069903337018e+02
1.654522039749158466e+02
1.314398132623630886e+02
7.695433722504425095e+05
1.020629683477241230e+02
1.326088573491990132e+02
1.246133808704586556e+02
1.003501428346785787e+02
3.455127084803027628e+02
3.708979732610935685e+02
4.419868436227795610e+04
1.003326097654259712e+02
1.084802834288102815e+02
1.017845939993673738e+02
1.060328724496765744e+02
1.000569089073831037e+02
2.583242084979879110e+02
1.252180611720106214e+02
1.282132286375063813e+04
1.255128214908367852e+02
1.474732739505864856e+03
1.381488016642832690e+02
1.049698904465373346e+02
1.127994203401621576e+02
1.001277998840728714e+02
1.019459580318910099e+02
1.707721116687612812e+04
1.022593128868650467e+02
1.000516585073056461e+02
1.831924875985714607e+02
1.008280663791607594e+02
1.000008114836553972e+02
6.664594462762778448e+02
1.096322182176386661e+02
1.000797643735567704e+02
1.756606911672637580e+04
3.243964788829515555e+02
1.000219876274183832e+02
1.000286710506762802e+02
1.010370818128882462e+02
1.001813742998028118e+02
1.065662723411547148e+02
1.007417452059598730e+02
1.000009722632190261e+02
8.210336427026502788e+05
2.933692940633767421e+02
3.205843966590076661e+02
6.071262046729361828e+02
1.000742615401619133e+02
1.004323618936014384e+02
1.015711989379968827e+02
1.081766995954230453e+02
1.005768080168557077e+02
5.307062017020271924e+03
1.026752802139627221e+02
8.835662789308627225e+02
1.000041431935928102e+02
1.010320545592760482e+02
1.000201765879688196e+02
2.048054733545002932e+02
1.000623539335060173e+02
1.000371394497152977e+02
1.006389689981418485e+02
1.549885727041836390e+02
3.098084254577827323e+02
1.000055852260476996e+02
1.030555813825351379e+02
1.033082388531096854e+02
5.721687296676284404e+02
1.000327708359620686e+02
1.043137309918294022e+02
1.167838358958466642e+02
1.238408330791878598e+03
1.001881532340928942e+02
1.133463906697271887e+04
1.147583779464855525e+03
1.039518985795027959e+02
1.000176402533972890e+02
1.011846703318930452e+02
1.164783352215032664e+03
1.021831504011584144e+02
1.075311967691852999e+02
1.006910514753054571e+02
1.113320054372983122e+03
1.000009404735689884e+02
1.000570773526861501e+02
1.019339550562047236e+02
4.685075016994986072e+03
1.365293118935245047e+03
1.017706549868013042e+02
1.055906821783179907e+02
1.000699459606270381e+02
2.485541297076505032e+02
1.272684816025431473e+02
1.020997515946062180e+02
1.000000499710087496e+02
1.212331683912852185e+02
1.037911829677558586e+02
5.382557117144927361e+03
1.000266798961607861e+02
7.305085413936059012e+03
1.153978482736263516e+02
4.835696720838663509e+02
1.258163750445887672e+02
4.475650828354328951e+03
1.000721488132171686e+02
2.090978567430215946e+02
1.408373926084544223e+02
1.342901343773268934e+02
1.000199408136007690e+02
1.007644206443587507e+02
1.026725719632533753e+02
3.330325480069339505e+02
1.001145785148140988e+02
1.001098145796990764e+02
1.056830870207197677e+02
1.380347978104831782e+03
1.717815672028283984e+02
1.000158805933822919e+02
1.129957578724811356e+02
1.000059603651156408e+02
1.722264927517888736e+03
1.163099542268936420e+04
1.465616220762235002e+02
9.707044659979221706e+02
1.004552521771438620e+02
1.001612837795624813e+02
2.281309649264788732e+03
1.010446529663014132e+02
1.078742585564263408e+02
1.199852834164207849e+02
1.170063462260851850e+02
1.001148288687156054e+02
1.006471433214652933e+02
1.063475698709051898e+02
2.386580454904259341e+02
1.133633678911699292e+02
1.000161201777400635e+02
1.042720328507958101e+02
1.000672271800188042e+02
3.690993051523102508e+02
1.066182606044216499e+02
3.469096149890788183e+02
1.005105393147261452e+02
1.492436070956608489e+02
1.511621403032861508e+02
1.018771141277518950e+02
1.017739344305887528e+02
1.005066766246212921e+02
2.540529692231644674e+02
