4.122996992052596177e+00
8.661038542661735562e+00
-2.126606029981889634e+00
7.883461663664173003e-01
-1.331474824704827142e+00
2.049614040175914909e+01
-1.086375459320937864e+01
8.822085932217239801e+00
-3.590711083573040696e+00
-5.683053018769184561e+00
1.969863457437161003e+01
1.220587833018430324e+00
-2.612984551022622171e+00
8.046799679293492602e+00
2.639658050450693239e+00
-3.475208490567693431e+00
6.635243047018707152e+00
1.475730527846113915e+01
-5.128910369654908763e-01
-5.609235751938056680e+00
8.809105419966822836e+00
2.861584930462394372e+00
1.424044376796017808e+00
9.646400831537205178e+00
7.034250903670716148e+00
7.937874982759826281e+00
7.329868019351472697e+00
3.048623568236149328e+00
-1.647193370314498750e+00
-4.445959624973765401e+00
-3.482153073057725479e+00
1.170997039763325631e+01
9.979908080753750355e+00
1.768598035316412620e+01
2.387411083836244785e+01
9.503060434374237531e+00
3.926851715717878832e+00
-9.907052973490433345e+00
1.761847702836574570e+01
-1.474694733690893322e+00
7.124403202336841545e+00
2.822292460047091112e-01
-1.005231537611869896e+00
7.620671733959660799e-01
2.882160840835276616e+01
-1.041687845053589356e+01
1.279908812554498709e+01
-3.388627002985243664e+00
3.313117488334152760e+00
-1.586027421128856929e+01
5.153643172885578494e+00
9.083631798177947303e+00
6.765018101110431559e+00
8.260160056082508362e+00
1.890571704667394215e+00
2.885788528291316712e+00
1.278497026715776386e+01
-7.573913136283589864e-01
7.142178955154883546e+00
-3.612562278203286681e+00
-2.360638122377389791e-01
3.127270087443732471e+00
7.198509181398117462e+00
2.856633332523594149e+01
-1.028584597889838470e+00
1.276784440264765585e+01
-1.270629612568047762e+01
-4.445196183137552381e+00
1.292571305088963740e+01
7.361066128104837958e+00
6.845248394780627521e+00
8.361256039078254432e+00
9.595258322964317799e+00
-8.018069038196511400e+00
2.915277953939570210e+01
1.263029700503932773e+01
1.195612157561781075e+01
1.487925995073242724e+01
5.456131423189015450e+00
2.223292088524093657e+00
2.980169511416359551e+00
1.184129159571851631e+01
2.029090177337971479e+00
7.301574696294226285e+00
2.668163180336649454e+00
1.087134182635966084e+01
7.982288872197694118e+00
1.086636986655605597e+00
1.928202553316552326e+00
1.103753578542984570e+01
6.150394172613473209e+00
1.303882146773100281e+01
7.532642979752282031e-01
-3.094288884990245236e+00
-6.869908872336001338e-01
1.459876405307222846e+01
1.183289082790119195e+01
6.295946327944530907e+00
4.276248401871505678e+00
-1.267421629664479354e+01
1.119938164162640071e+01
1.175685367775233914e+00
1.555350824730874315e+01
-1.220936821542833783e+01
1.711316945874875017e+01
-3.715623132599272793e-01
-1.701359465547523797e+01
9.113319987138234879e+00
2.472608025689257527e+00
7.156055188267111511e+00
-8.855775801168249473e+00
1.145542033069626342e+01
2.554229641095647096e+00
1.272296534336991414e+01
3.641713201459134019e+00
7.797389898769996996e+00
1.473941866707390069e+01
9.632020736551327289e+00
-2.700273840289542093e-01
1.288070393809812941e+01
5.344196351956337132e+00
1.305502887700665582e+01
8.349620236217212721e+00
7.338269431670715548e+00
1.681547153914030801e+01
2.219926498151280292e+00
1.512945218625966959e+01
-6.569188416500395533e+00
1.219388227075341646e+01
2.216883535115174553e+01
1.615981309423825252e+01
5.129809602281808267e+00
9.158184823951891929e+00
-1.468859001501248152e+00
2.221060275125783079e+01
1.053110728805231133e+01
4.361636964231241365e+00
-3.772739300365291371e+00
2.550525818980994330e+01
7.375471148442016123e+00
6.113302413054526596e+00
2.358562855596301944e+01
3.020510028032630245e-01
-2.446113569815938860e+00
2.638942502549201929e+00
6.223224325582487282e+00
9.827117398099957768e+00
3.240996691591487178e+00
1.128237667276238199e+01
-5.686784917887409918e+00
-1.040972614103646521e+01
5.624883578527035688e+00
7.989782708325829041e+00
1.877804576638354206e+01
9.967620990451418805e+00
7.343037706291877242e-02
-1.071714698589985026e+00
1.232617691456262321e+01
1.091902100439750178e+01
9.649716347933088301e-01
-1.881932088783541346e+00
4.329903429767524514e+00
1.279002458960654742e+01
1.038766600143784835e+01
6.849373338725545324e+00
6.350524018537295312e+00
8.165559084256296174e+00
1.251408961538887965e+01
1.361699874047831216e+01
6.659461433441579814e+00
-1.313129008972580891e+00
1.359011785659976468e+01
6.939520742238652673e+00
2.150463694363375566e+01
-8.907123070902073891e+00
1.446733539594186624e+01
2.826372922394980591e+01
2.849544993687005867e+00
1.236157824806402417e+01
6.166913776415209547e+00
3.545049259538147091e+00
5.987530812016200521e+00
-1.313346280809805755e+00
1.146091755115346267e+01
9.786836895875289599e+00
1.334395889090292897e+01
2.159278334986298731e+00
7.201437916739705791e+00
1.398079677527548803e+00
1.129249691540634615e+01
-1.033063166276046019e+01
1.280109379537662129e+00
5.901672885328403950e-01
9.472681491209375082e+00
9.925351729650522259e+00
5.429894372885623710e+00
1.534681970258590411e+01
1.821243805274716188e+00
2.220508584484463910e+01
7.864827832957367093e+00
9.971859309075824740e+00
9.698534767990928174e+00
1.079279288495158973e+01
1.297551681774366017e+01
1.489904419441279337e+01
1.071333590944595926e+01
-2.886500699796572533e+00
3.782134674556438814e+00
-5.003245847376534883e+00
5.888125190462629277e+00
1.504329560842917246e+00
1.605085681588673907e+01
6.753811191518468426e+00
6.578401087312535367e-01
7.193349115474802602e+00
2.049089697684163980e+01
-1.260732577308849578e+00
6.260012708938927695e+00
8.578759885606832114e+00
-1.313348850664123901e+01
-2.200831335891274776e+00
-7.305149532967632808e+00
2.077151076626227422e+01
7.953986170284711221e+00
5.523835546393747187e+00
1.817189499491388460e+01
5.761432318884001980e+00
-6.626282140833710699e+00
6.296659015342728871e+00
8.437873523376016038e+00
-4.765278732579449894e+00
6.877638974236449876e+00
1.186536172673477552e+01
5.035984787404848007e-01
-7.433829528159190403e-01
1.512203970902240080e+01
1.259379816262977769e+01
-6.745106961260932010e+00
1.135009150639304210e+01
1.024168589914710736e+01
-2.591328035007419928e+00
1.244822283388608675e+00
2.183280851507162001e+00
9.124874421995668783e+00
1.174111916394965149e+00
9.102697817159995708e+00
7.538097642448081892e+00
1.062073515528462231e+01
-6.308625372647044927e+00
1.008916102004858573e+01
5.595918110647951416e+00
6.125068557741398578e+00
1.091030123955968278e+01
1.127901153164310522e+01
5.390824499445358242e+00
-5.622480617702935390e+00
1.056784503227657623e+01
2.746568723132032375e+01
1.112631170457106577e+01
-1.133086450858381156e+01
1.560830871668686548e+01
5.148442473732638192e+00
-2.363215225295592248e+00
-1.715627895273184933e+00
3.795489545684385124e+00
2.682518490131657884e-01
1.013967799824532889e+01
-3.895635155460643873e-01
1.091569237185338714e+00
5.014965098257042619e+00
1.611361860282460157e+01
7.332270643372799768e+00
2.571332884630204596e+00
1.107870967395663264e+00
-1.052305696359492160e+01
6.858360962177103559e-01
-3.177408288073548803e+00
1.487135782485662361e+01
-2.149147380185134182e+00
4.031820893864305866e+00
1.405763136165669103e+01
7.064806067763260700e+00
1.780336299125656296e+01
2.134035662754865115e+00
1.067526808767846802e+01
1.786497654802811041e+01
-1.396960991346100300e+00
5.404320408119838604e+00
1.557168475823577758e+01
7.321784654648658908e+00
1.547474457555241045e+01
9.885104179157275794e+00
5.024446897987107974e+00
7.214021822921637295e+00
1.863123130296350993e+01
4.423764591241980959e+00
4.752804986729627146e+00
1.313049922720301765e+01
-1.202621114496022159e+00
-1.143773622215832475e+01
1.455313316056015616e+01
1.069268055501648007e+01
1.192709407222270279e+01
2.723909865486776827e+00
-3.440569848474357428e+00
5.967697342180818154e+00
7.358155285118911593e+00
-3.515998425049998488e+00
1.991769937192121809e+00
1.089171995323199482e+01
1.330341955240884033e+01
1.390836428860020568e+00
-9.766677019943243110e+00
1.032381216722636097e+01
-8.694248693757259616e+00
6.005779056670388805e+00
1.488465728049822268e+01
-8.312908833111611884e-01
5.052926952463086430e+00
2.261087105563149180e+01
3.390572952504520732e+00
3.141360565855486620e+00
1.158508024059206676e+01
1.279452348189191824e+01
1.203780243459065424e+00
1.404992066493258207e+01
3.413909226941260755e-01
6.150509367263442329e+00
8.703718212029604828e+00
1.556966782525004866e+00
9.194330442583051877e+00
-6.411758447138307559e+00
-1.357516117195948446e+00
1.279118406447825862e+01
4.609153244571343677e+00
1.260573129886158839e+01
4.814837233399781091e+00
1.034430808334930063e+00
1.316603887900927816e+01
-2.350151408400432018e+00
-5.670509657527334824e+00
1.896416802962685821e+01
1.386859782631588800e+01
1.962943040583800425e+00
6.995308746404003131e+00
-1.200710771500973451e+01
1.446680234739517701e+01
1.522766443552181492e+00
6.436003720687584639e+00
3.493616801420829532e+00
4.668419748197575991e+00
-1.045621024001908950e+01
1.128741640800788915e+01
1.598979162372550533e+01
1.692017617845862354e+00
4.237921022637326729e+00
-8.280908785698752439e+00
3.914944086040346605e+00
-1.113958389454782427e+00
9.839300751561163239e+00
4.199321979626759571e+00
1.110236339457840415e+01
-9.534774518899196138e-01
1.046479608813685580e+01
-4.094662231578071854e+00
-3.366817558853366421e+00
2.460639689598585989e+01
1.633487267262363041e+00
1.099049974257069273e+01
8.976749207809803011e+00
5.859808027451826717e+00
7.517752377335358283e+00
-4.581206188170851235e+00
5.274044061788911719e-01
2.990253545414582881e+00
7.977754767304989336e+00
1.495179021780294981e+01
1.641381476038004195e+01
2.410782189164776312e+01
8.248690169650554793e+00
-4.338055375193475172e+00
8.173041726329373091e+00
1.138416402397030680e+00
-2.315122765603872423e+00
-1.740144320810705025e+00
1.228691858665341918e+00
1.301597509896531690e+01
3.420213880019027819e+00
-2.547910230846875734e+00
1.100670062041883668e+00
3.942171930173570260e-01
1.383070628527096169e+00
-1.249471879559752807e+00
9.884871248942085131e+00
6.040045936992587627e+00
1.682911470866778281e+00
9.849246656382948828e+00
1.103601920538926962e+01
1.325945974513550141e+01
4.874813226436744529e+00
1.299304887314042034e+01
9.234337531076459271e+00
1.199383882586085193e+01
2.175053929521642004e-01
-5.903875041096315002e+00
9.210047959813437046e+00
9.531001449977463125e+00
1.126448104682618023e+01
2.015810264960761877e+00
1.216007701038762079e+01
-1.176586470650643435e+01
9.824609072003468668e+00
1.211442512436785179e+01
-2.200132642317516485e+00
1.398463288286733430e+01
1.464657326733433962e+00
7.127902765594232193e+00
-1.579571884042950458e+00
8.267891341090596313e-01
1.756458521962396446e+01
5.152505836949607954e-01
-4.021904297749401280e-02
1.495322262447461803e+00
-6.620050283334187213e+00
3.343470295108511348e+00
1.869216981104443676e+00
-6.203786181590086102e+00
8.213930272370975061e+00
1.689084693251945168e+01
8.814699699052276571e+00
6.455242363197744027e+00
5.613728875107240057e+00
-5.287727464543214850e-01
2.796013774489650672e+01
-2.380491339536606077e+00
3.137655349345757738e+00
3.129166204607832125e+00
2.029324528202857536e+01
-5.377760069062230031e+00
5.805870176704315710e+00
-9.431302197433442558e+00
-9.223770122491158574e+00
-1.391272533110927867e+01
-2.772959905400504965e+00
1.320338436774222401e+01
2.600902034355385695e+00
1.629734870990571949e+01
7.969812972368462312e+00
-1.314109700759606980e-01
6.226916416286618627e+00
4.854834555214745606e+00
9.137861306287170748e+00
1.186571652880241601e+01
-2.637806982478096529e+00
2.174659246962977832e+01
-3.278061084611405107e+00
-5.717313165555609089e+00
1.033733998438389179e+01
-1.213879090161060148e+01
-5.490044860357544465e+00
1.751857439361476310e+01
-6.877830380185569581e+00
1.672552123190616058e+01
1.168223810775195659e+00
4.540228459395582838e+00
-3.750191696253468265e+00
-3.757570168075385908e-02
1.810417740390363406e+01
1.196793804359703550e+01
9.210690202893420775e+00
-8.441944535554412710e+00
1.073250002083952737e+01
1.557412217937616106e+01
-5.640538916640638334e-01
1.167325558662585649e+01
-4.996460534829063604e+00
1.256484454779280746e+01
-1.047199890895118557e-01
-1.175730121819487550e+00
2.122824539923648945e+00
-1.180837677658802320e+01
6.293657260888334548e-01
-3.691226669367166480e+00
8.072410445487481212e+00
2.071869872081417085e+01
1.779415123915669028e+00
5.767210664882063575e+00
7.404355362476107594e+00
7.199088864635253771e+00
2.089837463954139274e+00
9.004232576058290860e+00
-2.705741373185482246e+00
1.420713579126116421e+01
5.980646272403753905e+00
5.317074392719034925e+00
1.835797130438225722e+01
2.371659484703640075e+00
1.610379384409007031e+01
-3.952536987464069895e+00
7.534309523847394274e+00
8.038187226334104096e+00
4.997848169800550799e+00
-1.404058631899275156e+00
9.907944324814010884e-01
1.016084260164593900e+01
2.257307208271440402e+01
1.447749445074074259e+01
1.577617724833094925e+01
1.544030517154688198e+00
1.792100956306037318e+01
5.924979433441128762e-01
6.678886982679693496e+00
1.540424696534806337e+01
-7.087327351675568821e+00
-6.154917067866277236e+00
1.727841988612308199e+00
1.829980787680122489e+01
2.716132743455161869e+00
2.374521550959346428e+01
-4.928100119667854884e+00
-4.066636594576829467e+00
1.287175708625958315e+01
3.714244765138734028e+00
4.571101788770564056e+00
5.639134024131513101e+00
2.780338517917761099e+00
-1.433384509692797515e+00
9.025840292303577428e+00
2.874232504308232627e+00
9.545673828072054334e-01
5.834782750225299353e+00
1.223538082060750654e+00
6.136294103486976681e-01
1.520479671502074481e+01
2.827070463415330970e+00
1.788289748057268724e+01
1.039220882032072524e+00
2.254447434953880247e+01
8.890357130969182009e+00
2.783721613404940065e+00
3.956757617315965092e+00
1.076212447057535471e+01
1.994183992561411145e+01
2.510786202981318382e+00
1.652057330991752693e+01
1.104666033678584469e+01
2.652138751474643286e+00
-2.545689371848581573e+00
2.666341900872187409e+01
3.576803853280635881e+00
1.223114946804774306e+01
-6.144548498215062438e+00
1.438808875302638235e+00
7.633446626387555334e+00
-2.462423829020506716e+00
7.786255868717551820e+00
1.105788425947423192e+01
1.309886062904197956e+01
9.245381902716861333e+00
-1.315841328146397871e+00
1.780121650640776210e+01
3.690720078010517824e+00
7.862919376316666487e+00
6.214467751215702940e+00
1.471464702515158329e+01
1.240554926635708632e+01
6.694413313496360374e+00
1.743175875166204314e+00
7.843475728776967415e+00
1.282057238885350259e+01
-1.996158119764655403e+00
4.046802073319239135e+00
2.670698179388101057e+00
1.318932621024052310e+01
-2.179396022207228611e+00
4.801875277064159953e+00
2.534542780306126009e+00
2.014284981291414311e-02
4.968193232650307323e+00
2.049675097288345427e+01
-1.320045219812076454e+01
4.817631629702378682e+00
8.220405642524259093e+00
9.140532433024766590e+00
-1.933008706469583338e+00
9.070861511431839830e+00
-4.598446292219566800e+00
2.263958418689430019e+01
-2.285182982837596910e-01
6.872501893078331037e+00
-1.122530140850649616e+00
-6.795073434028974901e+00
2.697955033178675244e+00
1.859155950215957809e+00
8.858290313249064241e-01
6.485985918647505954e+00
-3.428662152319414957e+00
-6.867698017224874718e-01
1.961812548313136517e+01
-4.184537631913958222e-01
-1.385252660398810676e+00
1.658823024278543556e+01
1.343003012348503233e+01
-6.145340396834207297e+00
2.273043131363857050e+00
1.996867466086425935e+01
8.135612808244529148e+00
2.655079188971557702e+00
-5.425860160081116490e+00
-8.549045777693768500e+00
8.682395943399221494e+00
-1.003500498330849311e-01
-9.073571383138563817e+00
-1.245479705461929498e+01
-1.511082102665043614e+00
-1.344204655184536179e+01
4.861920115571690459e+00
1.628788783410539764e+01
2.381882548187876125e+01
7.072601383976203415e+00
3.268880576429100682e+00
1.134976445386626409e+01
2.801462729282689779e+01
1.184593474609668817e+01
1.150413804217185287e+01
1.164460867257272270e+00
1.655779191787791760e+00
-4.178747568360888565e+00
1.560536605805618038e+01
1.275716004145058591e+00
5.531111738741849138e+00
1.119570170892279748e+01
5.093839068039365259e+00
1.355418189293553866e+01
1.043850441240835636e+01
1.565674488078112425e+01
2.046947049693791243e+01
5.914532287305720892e+00
9.912348807435595432e+00
7.384319761932527371e-01
1.168691683095312861e+01
1.896747983063379550e+00
-1.045760289258819142e+01
7.746607061847787357e+00
1.334253439869327806e+01
-4.065620437951414701e+00
1.847672465474211378e+01
-1.643543046311165767e+00
1.952151108767928278e+01
1.212200891504525657e+01
2.447528616887762354e+01
1.727167000622771731e+00
4.028846894010029267e+00
7.594382170423152445e+00
-2.032953626139622827e+00
5.317963078297841761e+00
-2.020938077161344992e-01
7.467215783423140962e+00
1.308512907968632533e+01
1.037482209209063555e+01
7.508538736026782345e+00
9.775849395602936198e+00
-1.093322185341467545e+01
2.443026329038543221e+00
1.332162792717008060e+01
-1.280644132972052596e+00
4.249822400182136306e+00
-9.473847067942120503e-01
1.537332166111708709e+01
1.709902156415314778e+01
1.451400609188261193e+00
-1.510732623196950009e+00
2.065688165295264866e+01
5.091282294767752958e+00
1.474362567394932988e+00
1.856887721028668281e+01
-8.372612246670865233e+00
6.908188104751168623e+00
1.126500760629780373e+01
3.893441694832360245e+00
4.232174155823134498e+00
-1.469497139073269842e+00
-9.770249831349175906e+00
6.359781816614625605e+00
9.177323524208313543e+00
1.078499617305794089e+01
1.144064915155001216e+01
2.505383192820902494e-01
4.678393240798563113e+00
2.884285304090975277e+00
1.326908283686992718e+01
1.025659804963467892e+01
1.448739882103278198e+00
1.876207684827899413e+01
1.017779161428442336e+01
2.356957192219480746e+01
1.495523439685995015e+01
1.239662904857913084e+00
1.311123317607403038e+01
1.088107125842037526e+01
1.336857152874820898e+01
-1.443655359485647161e+00
7.223798036027496039e+00
4.647335462954726992e+00
9.404707378276064844e-01
2.090605326760675453e+01
-2.180546159604670464e+00
2.370124818428916758e+00
5.974791035678995499e+00
1.009082052924980388e+01
7.909338885133530894e+00
1.772282346095403227e+01
2.053376024370175656e+01
8.683635479130652257e+00
8.703468853197142252e+00
3.451284189201804242e+00
-4.274901252549861752e+00
1.056976258924376566e+01
1.221284529341546232e+01
2.001959495154781976e+01
1.938577562059805359e+00
3.636473650602003005e+00
7.270430725821523055e+00
1.288170971689516620e+01
1.755454182036238109e+01
-4.627616322031480323e+00
-2.196857155234472003e+00
5.339165501636347955e+00
3.118356300495606970e+00
9.441428317718134622e-01
-8.245616082994244422e+00
-8.866967879544951359e-02
9.585100828235544768e+00
1.764948609403041502e+01
5.202920435442047520e+00
1.061755666888411298e+01
2.808512908170394784e+00
8.506602683634898909e+00
-6.341110775660983023e-01
1.338338432277913626e+01
6.314487972116919146e+00
6.071215930498856217e+00
1.736226337411901000e+01
-8.725157977059000203e+00
2.118895327970723663e+00
7.317654055733746610e+00
9.520687359469903299e+00
-6.359609456124273308e-01
-4.645521873275361813e+00
4.735710695131662540e+00
3.882594450737971048e+00
1.468906775014219157e+01
-5.093525501377007103e+00
1.013486191328782837e+01
-1.641476588801556780e+00
1.521609001949813766e+01
2.104080660407958447e+01
1.074687175404582007e+01
-1.629807460833498922e-01
1.171768078575287575e+01
9.364072851970401956e-01
1.284331840410589010e+00
1.587071415577586642e+01
2.464782090816262539e+01
7.565718325591842763e+00
1.263920741828494343e+01
8.558991410395178079e-01
-5.716586460725636698e-01
2.963452607334157385e+00
7.390323395626909431e+00
2.172676503293945682e+00
1.143604500561300519e+01
2.361979533220887717e+00
2.834772145352819184e+00
8.240973738641381274e+00
9.909265078223143064e+00
6.462389910832445850e+00
6.938101845976608395e+00
6.829713357511100646e+00
1.317506358584443049e+01
-1.549440198723627482e+00
1.406453606258771671e+01
2.063922162266639493e+00
8.450987041879395534e+00
7.389513953297806026e-01
-4.439225504664070954e+00
1.233767849537505512e+01
1.184139075869460989e+01
7.878906307502274942e+00
-3.467267353535271823e+00
9.450804182539254583e+00
-2.236326843339977444e+00
-4.755139262684391355e+00
1.493535273388992479e+01
-3.149674749662597861e+00
6.045116113339745745e+00
1.119220674810419602e+01
2.215474405150275050e+00
4.952730849049072681e+00
1.261524630039350825e+01
1.313072964759800243e+01
-2.609063731235920613e+00
-1.336678018391780576e+00
-5.318477506921821529e-01
9.865332957721264506e+00
6.732414557352962348e+00
6.697521441240355422e+00
-5.532721684161090892e+00
8.721164754683584874e+00
1.533861463747747678e+00
-8.664910924694268601e+00
-1.609546567861185196e+01
1.629699393610739122e+01
-1.578277010848236905e+00
1.598291229079611853e+00
7.132835512283618229e+00
3.310574207960072179e+00
3.629203457572584224e+00
3.548746946607656660e+00
-9.182273239045457558e-02
-1.418879509130946737e+00
9.938710360876449101e+00
-4.501667620366523792e+00
2.345551981169363742e+01
7.287669776944976974e+00
1.368859657642547489e+01
9.075133667798326087e+00
6.518007774966089407e+00
1.841755469303861581e+00
1.625866277698109030e+01
1.954961295336379301e+00
1.036399884039457930e+01
-4.872584437831854132e+00
-1.174229362382887665e+00
-2.299664723728191973e-01
2.244237008375530529e+00
4.518406189210625534e+00
1.017553119246982973e+01
8.698049400017637822e+00
1.303277906516399298e+01
7.091201582346923438e+00
-1.180343429201275995e-01
1.992912713916519962e+01
-2.167971647820799319e+00
7.713325877004139741e+00
2.263696259272529598e+00
1.429114239582172097e+00
-7.913702600389958874e+00
4.990978863448852998e+00
6.350049577064783790e+00
-1.554889638637704685e+00
1.309305687979545496e+00
8.299427276417883803e+00
7.492558606367867746e+00
6.655352467196995470e+00
1.204006435119442386e-01
5.414447992805460963e+00
8.659897901239954621e-02
2.354217031517632286e+00
-4.718720690225486791e+00
6.031450433632972619e+00
9.803271319007880180e-01
4.702469507271555216e+00
-1.777021115732053680e+00
8.040843730540288448e+00
-1.091133117299231792e+00
-2.411414243276357894e+00
5.652034395225780550e+00
-1.974272262010950740e+00
-1.830431329278693120e+00
-2.694891430405954580e-01
1.150025908042935896e+01
-2.959762686534935128e+00
2.697526935537670756e+00
1.665203776561229887e+01
1.517546399762194653e+01
-1.207057862872015441e+00
1.100484956234899236e+01
2.881455510406098597e+00
4.378868423881701943e+00
5.255368147458209016e+00
-9.056158212534116458e+00
3.768425424513508926e+00
-8.676670701795574203e+00
3.597360783835636067e+00
1.227643868578218544e+01
7.814497980496236451e+00
1.422593973159042235e+01
6.550348868264856961e-01
5.560621512554622115e-01
1.597286974282078376e+01
2.094359808626526043e+00
8.128508823049164889e+00
2.745389772850845844e-01
7.221465013988996873e-01
-3.722054326228020571e+00
1.009993524950537314e+01
-1.905680417116341729e+00
-1.516794155627992247e+00
4.536438894893992213e+00
1.601247327942067855e+01
-1.273564899630697411e+01
4.516053760742986256e+00
-3.091905492140586631e+00
5.006588652472139245e+00
-4.709020191522075294e-01
1.293924256600512912e+00
8.865188417501720153e+00
1.174485301625041522e+01
4.386560631778110952e+00
-2.501049030488950109e+00
2.742562000497418939e+00
1.904428638405558871e+01
-2.879012036245496731e+00
2.135506863586582149e+00
-8.133672160347193980e+00
5.275201651148259785e+00
-7.324874409091115979e+00
6.415128433432419008e+00
1.084551361235662981e+00
-7.619494048664448016e+00
1.472195691019900110e+01
8.823904529529162488e+00
-1.476309892901134013e+00
-3.586324642049383726e+00
1.962851500498485890e-01
4.039776948936086853e-01
9.981657786648028718e+00
1.027868691646814980e+01
1.726479431083166816e+01
-1.225892139100970724e+01
1.190030697541583038e+01
1.553724179544863659e+01
1.435071067791380628e+01
1.073787211644854267e+01
4.806156637286722599e+00
1.826923378685653887e+01
2.679826278135829742e+00
6.723591246795834309e+00
2.132450132902525830e+00
1.646078720474791623e+01
7.282107087999750483e+00
-9.837425121622606738e+00
1.038477997637304640e+01
7.770650160398000494e+00
-2.367398394743634782e+00
1.342310751809442237e+01
1.106427982655885067e+01
1.622821013277277302e+01
1.572083594617215319e+01
1.221572671186658710e+01
8.675677888299258456e+00
-3.029636226318979553e+00
-1.095259076556354927e+01
7.874941198053197589e+00
2.239300461752746774e+00
1.918899540604940768e+01
-5.661258382151480362e+00
4.799569487544748547e+00
3.164910010851019706e+01
4.114480608339753154e+00
-1.946481841639258192e-02
1.779440876012789552e+00
-1.287739282493332027e-01
3.635788951880315700e+00
1.077976977913676215e+01
1.903047980628509350e+01
1.012626255540099862e+01
7.332479161248146582e+00
1.074111540593357006e+00
1.380462441986792044e+01
1.960210280882112244e+00
8.713323823638187804e+00
1.317829774715581692e+01
6.111498726086799671e+00
1.132684575325868082e+01
6.293587373498611193e+00
9.818371330351462589e+00
-1.269048909541791659e+01
1.021680002061736836e+01
6.636373400071754247e+00
1.188343415897588784e+01
1.888697912103300780e+01
6.252008731965925215e+00
-2.506251491172037049e+00
2.900879880377353004e+01
-1.184784098397411256e+01
3.471431111721766438e+00
5.367419259780975338e+00
5.118403789420219674e+00
1.222151909964480332e+01
9.624846778363655986e+00
2.180118773557308742e+01
-1.137438546539918605e+00
8.253791355259572526e+00
2.552390071577812058e+00
6.649498639329397776e+00
1.296997721644568280e+00
4.287108308294825143e+00
1.044468840189403558e+01
