9.682146925461335485e+00
1.307676760010522798e+01
1.103676992233915755e+01
1.086099019900507656e+01
1.335127266907034382e+01
1.113911782375106263e+01
1.392931540508906529e+01
9.567398282103104279e+00
1.350249087531009273e+01
1.016528244280831395e+01
1.196155527652007677e+01
8.769288581909862046e+00
7.732010516637806141e+00
1.088437420563017355e+01
9.387350793033075291e+00
1.158972347377919832e+01
9.943537783201980673e+00
7.577313409848495773e+00
1.278017474557461242e+01
1.062203619563370616e+01
9.320741995846798744e+00
1.378911455962402677e+01
1.159176059920776680e+01
1.200244481479022340e+01
1.384743952449034410e+01
8.749887566478342649e+00
9.415441184241101880e+00
1.274189187816722679e+01
1.199086361100839682e+01
1.115532729905748610e+01
8.679164444738439954e+00
1.211338248515423466e+01
1.131530846429310699e+01
1.255349058944586815e+01
1.038485909003056307e+01
1.107549442378103777e+01
1.043993815938505065e+01
9.586035062308242871e+00
1.170200769281163033e+01
1.328456453655213920e+01
7.484475375078997850e+00
1.157353203582243140e+01
1.293790259101524676e+01
1.237020217558593593e+01
1.397205366750774758e+01
7.913969838162449477e+00
9.217375323992577307e+00
1.052321836886942208e+01
6.631301132506825624e+00
1.176592036594706059e+01
1.240317261939381055e+01
1.117678749479196476e+01
1.116815039622505168e+01
1.349305305368202212e+01
1.225793277205998955e+01
1.010659811533759722e+01
1.052297893655527616e+01
9.585076907453037975e+00
1.011547716707287492e+01
1.254907485750175056e+01
1.238880983770309285e+01
1.009211284129613873e+01
1.187731566178895548e+01
1.342161825438761369e+01
1.014442801564631225e+01
7.262282403749503956e+00
1.020351298645991989e+01
1.375927028904030358e+01
7.145773469262281630e+00
8.789152225849573341e+00
9.334419279690342464e+00
1.272337338287342590e+01
1.391428678136631092e+01
1.213610503613629454e+01
8.379888389806117388e+00
1.141403601410793200e+01
1.307930152243582889e+01
9.385510461957945694e+00
1.035129675366312796e+01
1.253641859377816203e+01
1.051014631000653310e+01
1.282985402217665083e+01
1.313368311705114166e+01
1.329177936839208307e+01
1.193978993414680545e+01
1.092370541083432300e+01
1.229139388360490770e+01
9.452729493161712071e+00
9.618310662020306268e+00
1.323858274019090508e+01
1.323227341268397339e+01
1.110286272629903870e+01
1.146936860491816645e+01
1.124444460855777805e+01
1.138075853909580104e+01
9.818198746742069716e+00
9.737708320565513276e+00
1.330053874039342432e+01
1.253400741309969391e+01
1.390252114935854877e+01
9.202247887009294303e+00
1.368768545379510471e+01
1.299978266885488409e+01
1.181074725974732331e+01
1.246591935410218177e+01
1.332175597552635793e+01
1.181103850480691619e+01
1.243680612156198251e+01
1.390653432698405823e+01
1.278962160476732279e+01
8.241061125047579594e+00
1.277314450272870161e+01
1.389481218386431749e+01
1.100066831868779360e+01
7.667153952814899753e+00
1.282267088007408873e+01
1.044807196878204536e+01
1.366467456746419273e+01
9.417964681235464042e+00
1.090986699853505115e+01
7.230987092416176765e+00
1.129876948816870019e+01
9.487153325960887784e+00
1.218173990057310263e+01
1.291056709814545123e+01
1.023199155448395636e+01
8.925542177267892896e+00
8.768318695218267678e+00
1.003771580983637790e+01
1.328141267156605920e+01
1.126463985389116829e+01
9.514215667993523695e+00
1.026060811579372789e+01
1.073235353602602160e+01
9.612925404494237824e+00
1.187620711754987113e+01
1.203709539970304476e+01
1.306350998860695611e+01
1.267180107532936084e+01
9.966291659392009450e+00
9.174964957904032659e+00
1.360580709610524863e+01
1.326915649692961807e+01
6.690035530239344830e+00
7.224472362635747658e+00
1.159329494968842411e+01
1.332487256177712354e+01
1.369556460291317990e+01
9.523276756417516253e+00
1.319709293285184870e+01
1.115989397120100612e+01
1.245958041666386862e+01
1.049385148001988810e+01
8.839401478278468005e+00
1.272925705037504329e+01
1.044031932790612416e+01
7.379233550371814054e+00
1.386605075089300243e+01
1.123859616507307635e+01
8.521050136018192944e+00
1.321077679435686569e+01
1.336957776630997152e+01
1.039162900840450732e+01
1.261036721087759105e+01
8.774012985955096156e+00
1.097726591971130006e+01
9.765247182666865200e+00
9.964509604089961670e+00
1.385788063313253460e+01
7.489713370396363423e+00
1.193690811700186849e+01
1.238199198258336509e+01
1.062237041925245862e+01
9.943714203525296114e+00
1.313928588346215776e+01
9.308310141238550273e+00
1.245248347800027133e+01
1.399917672135528335e+01
1.332252145853574277e+01
1.120748755836394039e+01
1.260521579298793782e+01
1.213693935298919868e+01
1.246026434202667588e+01
1.046451171695739291e+01
1.168499416046656592e+01
8.211948074066558689e+00
9.853201216211964208e+00
1.105799539850753632e+01
9.167089483099788438e+00
9.194873715335564412e+00
9.377807496571540113e+00
1.194114966849510751e+01
1.138097237708290166e+01
1.230966930010693261e+01
1.392358518469310980e+01
1.223271870730138033e+01
9.796972529912871153e+00
1.012141352106178971e+01
9.554672796115532662e+00
1.305104245251928319e+01
1.163872208981122824e+01
8.696332574843967933e+00
1.347782873354451461e+01
1.103235814946584448e+01
1.224620287786187234e+01
1.389781594483025629e+01
1.211150671385535205e+01
1.170238295614620050e+01
1.362242495940179410e+01
1.357035232313070239e+01
1.140125969166293629e+01
1.260939569860579823e+01
1.258632424477892897e+01
1.035580765261097724e+01
9.232683360642010229e+00
1.203347365269016223e+01
7.519484887593618438e+00
1.325708172219075465e+01
1.297711458987519961e+01
1.273537521890431279e+01
1.370726342494497985e+01
1.383015848049958052e+01
1.146825813520444548e+01
1.257178137951170704e+01
1.389764680573133049e+01
1.339059915784272548e+01
1.247030063563349245e+01
1.130353318833866538e+01
1.289369161564201249e+01
7.934745433637340639e+00
7.218032770661198860e+00
1.294489057886767824e+01
8.879152887726732502e+00
1.320837586478532266e+01
1.102452724954672014e+01
1.380366882675077989e+01
8.023611560867934145e+00
1.167315878108868077e+01
1.015543046336024702e+01
8.543524850324281772e+00
1.188499376298651278e+01
6.634254766953718629e+00
9.667986077522119359e+00
1.137731460529523808e+01
1.070688763553019740e+01
1.343255897506072571e+01
1.027757252452795633e+01
1.054054416372679270e+01
1.363464068714615429e+01
9.312668734228676470e+00
1.232242986781532323e+01
1.103348163650674785e+01
8.041798166916155566e+00
1.314160319491868556e+01
1.399243083098154905e+01
1.119972943978532598e+01
1.218798415299290738e+01
1.331948089516360589e+01
1.309135262861872562e+01
1.168536293235024104e+01
1.026475681424293107e+01
1.001484389559183974e+01
1.345870630126066914e+01
8.216311046560546671e+00
1.214660600365568222e+01
1.159504142203638111e+01
1.160979952836794737e+01
1.317721229056261834e+01
9.119409069927240097e+00
1.395395736354344862e+01
1.048700540123439851e+01
1.327084878728884121e+01
9.266080963103171086e+00
1.297148688419420637e+01
1.257582654485107199e+01
1.313333985734550424e+01
1.399656995582685326e+01
1.261331942346984647e+01
1.174539955072854625e+01
1.268689645120960918e+01
1.296704514020378696e+01
1.142835840728086794e+01
9.827225383999920183e+00
9.735932126434889256e+00
7.183239897187434053e+00
1.296732960995669792e+01
1.072986453758954895e+01
1.296777280438896973e+01
8.886987589975465340e+00
1.255910613736741510e+01
7.659422733456725751e+00
1.216445309865411240e+01
7.284492818310077666e+00
1.268066815014946513e+01
1.311942522840833192e+01
1.113742970326260817e+01
1.077401040305551660e+01
9.854271763404554463e+00
1.339245278131635430e+01
1.146959564294711775e+01
1.295674991963739586e+01
1.229847249846714874e+01
9.054575215618626771e+00
9.299862595607205407e+00
1.009674197686438113e+01
1.341099254998908208e+01
1.055325823414175801e+01
1.354268943054759333e+01
1.234864087247548170e+01
1.273290198955429275e+01
1.023683170059936032e+01
7.756227426656814750e+00
1.138971954081427995e+01
1.240305430032151079e+01
1.063192391146171900e+01
1.380860786660734263e+01
1.239398159548795952e+01
1.397461566851856674e+01
1.316119223813040762e+01
1.171471540850635762e+01
9.242961116391626319e+00
1.244947853017704809e+01
9.111016050525993393e+00
1.109559743992741332e+01
1.162044558806399408e+01
1.162665002936810943e+01
9.982547290616254898e+00
7.213181554414658692e+00
1.195065483296871811e+01
1.137698036616854225e+01
8.020939978051323749e+00
1.175557295040506389e+01
8.712935872549872229e+00
1.396723188572301666e+01
1.288213877645434025e+01
1.082549992281464846e+01
1.333094180273307572e+01
8.557291542472034607e+00
1.349519630424337890e+01
1.249368201277178514e+01
8.285388059036943531e+00
1.129117689586570705e+01
1.218001320650980013e+01
1.231814091787039800e+01
1.286792732334931344e+01
1.249486507048705342e+01
1.241841598932699853e+01
1.324627838856335060e+01
7.147072244201163826e+00
1.383719612169628554e+01
1.124754433673065712e+01
1.026630734794364130e+01
1.159781388932229973e+01
1.375751182426768793e+01
1.366875838113192643e+01
1.323422572282468224e+01
9.780014636051767241e+00
1.027810550077396812e+01
1.328403589429194298e+01
1.246076395501991385e+01
9.967378993587972857e+00
1.345813459182895144e+01
1.360687869611249567e+01
1.237452520248363541e+01
1.393828471344317421e+01
1.194122951687770318e+01
1.341088403086481939e+01
1.040524901742776720e+01
1.380591566815366633e+01
1.081428830420845344e+01
8.524118575242084717e+00
9.150966082192706352e+00
1.236717588541496582e+01
1.296130893256755101e+01
7.871487491137710180e+00
1.148167901648328915e+01
1.308443730594604304e+01
1.180749411482872269e+01
1.117761641687994612e+01
9.365165074245954457e+00
8.696835833909554836e+00
1.061681431977238432e+01
1.027044845876775980e+01
1.085124648115790968e+01
8.208098195005492315e+00
9.803318200380671144e+00
1.174284491466948666e+01
1.396638171408558549e+01
1.115837501154787326e+01
1.114177900626976836e+01
1.026424820534520066e+01
1.197445746064941829e+01
1.341833356087827767e+01
1.254527954697662295e+01
1.399473300528870823e+01
1.377802614092851208e+01
1.334676499265292726e+01
7.634674354636193705e+00
1.295019367249127384e+01
1.227826006967769246e+01
1.290884485869125342e+01
1.390930270035803673e+01
9.756379086047139992e+00
1.080919738676999486e+01
1.194690763884799978e+01
1.063783895863814344e+01
1.343881589049414771e+01
1.189257140060661833e+01
6.579834096218196926e+00
1.363571663508983534e+01
1.178102689886171284e+01
1.262617704429983689e+01
1.170597592770429074e+01
1.226921685240619198e+01
1.392361499716896134e+01
1.131742096931594688e+01
1.268356015380264878e+01
1.341643252092694993e+01
8.586219150326112270e+00
1.209965229695287547e+01
1.141743797939952820e+01
1.396863738140145017e+01
1.374379131740015758e+01
9.452107011605335174e+00
8.499342882945846611e+00
1.138821436154340105e+01
7.107118048082974759e+00
1.163965026247180390e+01
1.287461453373558307e+01
1.351858172848877970e+01
1.385157577413367846e+01
1.366029977158177289e+01
1.364803697310879471e+01
1.062945683429828847e+01
1.097408696963692698e+01
1.321870496231321113e+01
1.146784803394932517e+01
9.104179308266802551e+00
1.139195624420143638e+01
1.086568199319591699e+01
8.336798008026313767e+00
1.073565573503708492e+01
1.383518469641720650e+01
1.370028206322109021e+01
1.387558463335768622e+01
1.204877652423883383e+01
8.603321679201426875e+00
9.811463555835326034e+00
9.453604459567673146e+00
9.474741635241596072e+00
1.354015548551434378e+01
9.613465532692906379e+00
1.092481379681348130e+01
8.440549593157106401e+00
7.528565098120149734e+00
1.378861012789843876e+01
1.298531117970726356e+01
1.127571851692350080e+01
9.286984946287887510e+00
1.392122772549785026e+01
1.127128532400520555e+01
1.190351167879908800e+01
8.197071470654520908e+00
1.022974879032267026e+01
1.009748357734223134e+01
8.982873440678529775e+00
1.356490590542289709e+01
9.521991823233237895e+00
7.404053344013725280e+00
1.394323781673916862e+01
1.375452825905302667e+01
1.280210069375287496e+01
1.333840730211066727e+01
9.162175156560213196e+00
8.262423458354913208e+00
1.343706398092940368e+01
1.078988738267512204e+01
1.054507221556710306e+01
1.263901243889660542e+01
1.296064641672061057e+01
1.226704774497120809e+01
8.469498709076566101e+00
1.083502306378962388e+01
6.917657292963604654e+00
8.497479509864627190e+00
1.282756954400198524e+01
1.017692362521686888e+01
9.196201639091357904e+00
1.392143663565506628e+01
1.324587550446163675e+01
1.260737335805888648e+01
1.056487741956446413e+01
9.276906383273264112e+00
1.322707292790760292e+01
1.370055331409173860e+01
1.343481133810556116e+01
1.002092109902044825e+01
8.389104187497313347e+00
1.168055069533127011e+01
1.303418640373601534e+01
1.392623224196550424e+01
1.365609542404735066e+01
7.431038509938526104e+00
7.188491093924916697e+00
1.235848540674960105e+01
8.859954415054490440e+00
1.223476395327526411e+01
6.775777903135730362e+00
1.288976724415121566e+01
1.097772305369725920e+01
1.296450754582012088e+01
1.265839003299794463e+01
1.152891993355927980e+01
1.170547927975225022e+01
8.402732480527895120e+00
1.244166530772031365e+01
1.240377430024286909e+01
1.322587388514356554e+01
7.773928183037741135e+00
9.466628013615808968e+00
1.251378074664519069e+01
1.194229652206544756e+01
1.115283920089512648e+01
7.313684525928088043e+00
1.330597346974887962e+01
1.030908171646331084e+01
1.083182073584527672e+01
1.139944236134119926e+01
1.190553360473467848e+01
9.926859540741135746e+00
1.164955915015137577e+01
1.369573704562826677e+01
9.592920324078558991e+00
1.193600116044752824e+01
1.389170759909608677e+01
1.154121612387029572e+01
1.361102606440345042e+01
7.559082508811338030e+00
1.179057130833233735e+01
6.428915824625201836e+00
1.016451792545114330e+01
1.365927563431459646e+01
1.115641444171689045e+01
1.144375438181354809e+01
1.107904736781895494e+01
1.287939129752210121e+01
1.104808300810604926e+01
1.171871790956339510e+01
8.014780759047198444e+00
1.275654654705268776e+01
1.184778306527759639e+01
1.389356482425505135e+01
1.346673495601955395e+01
1.070196936693197465e+01
1.088234452610976177e+01
1.250060069848757038e+01
1.141669445201365996e+01
1.195777879831903689e+01
1.388300904769297972e+01
8.408753020249637444e+00
1.216978770969540058e+01
1.258526804539193122e+01
9.746962422701447082e+00
1.212454594063813751e+01
1.304249801222721672e+01
1.027463508274863102e+01
1.390750910488395675e+01
8.887386289413338858e+00
1.150738912891314314e+01
1.282991583067219210e+01
1.130775009726094282e+01
1.173824111371763657e+01
1.151254987158294263e+01
7.852359768295601228e+00
1.053595327980767671e+01
8.303575438456011426e+00
1.297568405632942756e+01
1.152862891291463576e+01
1.110473738506249219e+01
1.297849925946402472e+01
1.248503129317700910e+01
1.114290839333860106e+01
8.927365467693181955e+00
1.155753672704012835e+01
9.509410951604550633e+00
1.118140940150565399e+01
1.350787010449553449e+01
1.020200092285659110e+01
1.126852281317415461e+01
7.419422298065793342e+00
1.356425290414347096e+01
8.256127439670569501e+00
1.237225666307936223e+01
1.388487493984263210e+01
1.364456042490275678e+01
7.407598855395939097e+00
1.015851596773659793e+01
8.625487930708088058e+00
1.109437526869126245e+01
1.138289083731663887e+01
9.271210302984236762e+00
1.304062756228262288e+01
1.072567789779137826e+01
1.105436418852629643e+01
1.036145123795076728e+01
1.028242730987658859e+01
1.118453127285340898e+01
1.112404888519787960e+01
1.174202969682439424e+01
1.273569215263188070e+01
8.674576655893787347e+00
8.439959508922310505e+00
9.153973085677087340e+00
8.480997201771552696e+00
9.226198850548653851e+00
7.413875243628831768e+00
1.327530057760858462e+01
1.316032011808045254e+01
7.234797455179721837e+00
1.056070201737964531e+01
1.233210857025018470e+01
9.131488321741294101e+00
9.314492508938487347e+00
8.075903306733575704e+00
9.174798098686295589e+00
1.243552475351474484e+01
1.234852829092185189e+01
1.013405380270904388e+01
1.006398153698877529e+01
1.115750734806390732e+01
1.153544266858245493e+01
1.366327337628311156e+01
1.258478959731496261e+01
1.052530989841623565e+01
1.299966708005466032e+01
1.132259651300491576e+01
1.214179972429313992e+01
1.248097810809966113e+01
1.056161513879733960e+01
1.166040997566272353e+01
8.543238634109888707e+00
1.336280156100087524e+01
1.380734700796221404e+01
1.359721471559271677e+01
7.692404343935344002e+00
1.338809270396062701e+01
1.334116754710460029e+01
8.891853734077788118e+00
1.279273839469565033e+01
7.856438371467200810e+00
1.320826525383639805e+01
1.316447745806723901e+01
1.386953019186540992e+01
1.126997088858871265e+01
1.163929440607727628e+01
1.125270341291481557e+01
1.171523892504736963e+01
1.322380918189651489e+01
1.345492352254325574e+01
6.991623006974199583e+00
1.253966017483981332e+01
1.232047903732911287e+01
1.225777258867424990e+01
1.292631524747972449e+01
1.284923891577145127e+01
8.621839231655828328e+00
1.274232034911069888e+01
1.328444588467755949e+01
6.885926507980226319e+00
1.052355280525142689e+01
9.579131914247698276e+00
7.096761777913897618e+00
1.345626471724755646e+01
1.186579898724357207e+01
1.286759681336630301e+01
9.731828676726163252e+00
8.824551569438561671e+00
9.158512126160315958e+00
1.335788683897898643e+01
1.006709201002446008e+01
1.228733436149890501e+01
1.076292999614460655e+01
1.130898451098369151e+01
1.339804873808889951e+01
1.285521805545253571e+01
1.063493136625336533e+01
1.357765340003759746e+01
1.049565448065469297e+01
1.292935245864260807e+01
1.310980163605921511e+01
1.080495826727639752e+01
1.179375051838622035e+01
1.142251272113830574e+01
1.232214977892878593e+01
1.283453821571132103e+01
1.364048466255347059e+01
1.211283690650608058e+01
1.359940811974527364e+01
1.397160531558943219e+01
1.190990586364531012e+01
1.001692439180309435e+01
1.241255467893330611e+01
1.283141389437713897e+01
1.244124494691738292e+01
7.888218461470430931e+00
9.474657295362433729e+00
9.907601752243323290e+00
9.959974854976904268e+00
1.375260382720125207e+01
1.253857406130414631e+01
9.854916877926839902e+00
9.255155560997376796e+00
7.758624081459997157e+00
1.025590904180181973e+01
1.064211504507471773e+01
1.023845624228950157e+01
1.278737309895118024e+01
1.202389265925651785e+01
8.571258783585760099e+00
1.244663536606413601e+01
1.045810412911432152e+01
1.288818142046217829e+01
1.159410697618980990e+01
9.002890371741234077e+00
9.421751306049205965e+00
1.194090940519991761e+01
1.026695990656677893e+01
1.094494888471017546e+01
1.309057827809948549e+01
1.196515242948744273e+01
1.349297393139062606e+01
1.263584638359027501e+01
9.137534427737637799e+00
8.524142159739248825e+00
1.241658511643404772e+01
1.185458435996383741e+01
1.285528987845315996e+01
1.195744862517978646e+01
1.395037500322917090e+01
1.392622735366815689e+01
1.017351096413211309e+01
1.311896428319826846e+01
1.300224197799980530e+01
1.333413469250154115e+01
1.118668336491208848e+01
1.370579583488228614e+01
1.091056828142186319e+01
1.275668257127375682e+01
1.220904119495555840e+01
1.082624345090860807e+01
9.818969620555424882e+00
1.262288650358330777e+01
1.359929188639907238e+01
1.105013767526464719e+01
8.484752088405432602e+00
1.023779298928405268e+01
1.106377579052698579e+01
1.110408559070778978e+01
1.238836476618442006e+01
8.714703302928851869e+00
8.684551122481241947e+00
9.332682118711847608e+00
9.256828372975562047e+00
9.353893355849651314e+00
6.578279087663247537e+00
1.018915378020982843e+01
1.201699540802744082e+01
1.396870611451899791e+01
1.112916588815940244e+01
1.335850261790459825e+01
9.661444319219752330e+00
1.375533767965885446e+01
7.043693157819253869e+00
7.317772918653088432e+00
1.081377224932018422e+01
1.348466318530990371e+01
1.202355097362721281e+01
7.499537560202129249e+00
1.333365026769349093e+01
9.221737956943748316e+00
1.090549385953149830e+01
8.337868393081121710e+00
1.371993458598596405e+01
6.631819264017199345e+00
1.349808112606134003e+01
9.282554966348248726e+00
9.597845673134715483e+00
9.758427781864275730e+00
9.018308912928638676e+00
9.026251241089889632e+00
1.346871680122317372e+01
1.116656115309527664e+01
1.081781122296955999e+01
9.963542716862953341e+00
1.361014242922378514e+01
1.211879860646699925e+01
1.070052199197915499e+01
9.556870742023976462e+00
1.364374478571758331e+01
9.620478707443833599e+00
8.044762947441459033e+00
1.235250231819507505e+01
1.021118014372922111e+01
9.374181115545965781e+00
1.222300824723816959e+01
1.140442518024886098e+01
9.170567614385092270e+00
1.206343234081708360e+01
1.253473988492739011e+01
1.266346050195769202e+01
1.001711416351484374e+01
1.176252619437472013e+01
1.064767538365261856e+01
1.370111205929119080e+01
1.154961046410486603e+01
1.204279742515253737e+01
1.183170169255023474e+01
1.399204897350149324e+01
1.357232274529156513e+01
1.394947033123925628e+01
9.922347007627978499e+00
1.155620576153403078e+01
1.138327435073640714e+01
1.270040984172709031e+01
1.280040074337290790e+01
1.117443581429817101e+01
1.180586673593738922e+01
1.145909424353360251e+01
1.299986740480556868e+01
1.162514605846608617e+01
1.258743036335640397e+01
1.325811354301545819e+01
1.258862005780664539e+01
1.082773052544927772e+01
1.153356616645245758e+01
1.146250959668797265e+01
1.383538288051183329e+01
1.128086464547368450e+01
1.364652605298753230e+01
1.363000791415716861e+01
1.291223630012071411e+01
9.595990929679707904e+00
1.121627567125411673e+01
1.242513887007012485e+01
1.005391529889925550e+01
9.204079793996241321e+00
1.155550071983021176e+01
1.219590321777484299e+01
1.243661766792948598e+01
1.225605209467391710e+01
1.031863219605742543e+01
1.072066860181983117e+01
1.095044338518789928e+01
9.618045800562867953e+00
9.639183397941041065e+00
1.141741897112146198e+01
8.866576602988065048e+00
8.652926393280619521e+00
1.168782574446822764e+01
7.746076473564166065e+00
1.107526310977951312e+01
1.292211732095343457e+01
1.389635662119166071e+01
1.165615700269695587e+01
1.005671620273545841e+01
1.233948561460368154e+01
9.045692503531173045e+00
1.371698582874038230e+01
1.295146018057272208e+01
9.105180695005328673e+00
8.500208929994471418e+00
1.369948912176656819e+01
1.382223929301638599e+01
1.001072832033311144e+01
9.316536948305220278e+00
1.264344005772181134e+01
1.397476842007008457e+01
1.006165416629881548e+01
1.080573118650146291e+01
1.079913642398272344e+01
1.145776131068242165e+01
1.009799888066538465e+01
1.198080413018893609e+01
1.329553821353244025e+01
1.106192672220382534e+01
1.023452497020679708e+01
1.373351762112245211e+01
1.193158894427591221e+01
9.859145733253251720e+00
1.071351082100574637e+01
1.166218408677998575e+01
8.385736789110801226e+00
7.471486441020877223e+00
1.274426314827026374e+01
1.289117046575884551e+01
1.148668915727354545e+01
1.343748868518544981e+01
1.213661088654271403e+01
1.296212635393954216e+01
1.373969511208848360e+01
1.311219173042412223e+01
1.045815171565494239e+01
8.759378086788695228e+00
7.595406165475305116e+00
1.099950657258162678e+01
6.690647618548267062e+00
1.287211173422706167e+01
1.137709284642668806e+01
1.284563501840242239e+01
1.164407883223227103e+01
6.976335305660808395e+00
1.347101535281634632e+01
1.367555005896559628e+01
1.220224308423205883e+01
1.268929314709737532e+01
7.970512600271696613e+00
1.267277053075326521e+01
8.318625979460858133e+00
1.053105103258866215e+01
1.037103752815235325e+01
1.333836062372902909e+01
1.144292096196431352e+01
8.003577736820869148e+00
9.937104456573678135e+00
1.133283103489735488e+01
1.378713715655731065e+01
9.929963992889103253e+00
1.304453794049025106e+01
9.346090886646788221e+00
1.241166916423840050e+01
9.799656058185256313e+00
1.302902297109447360e+01
1.189247853483543871e+01
1.355817313009385927e+01
8.614193855929991983e+00
9.480539317801763843e+00
1.300284685165532750e+01
1.063701469446516512e+01
8.108665428206951020e+00
1.270802941697736088e+01
8.947218642647472464e+00
8.761957079263758885e+00
1.167294784254149675e+01
1.113491811296621314e+01
9.337033249758968978e+00
1.255105149945119436e+01
1.115666908809354396e+01
1.262195249223778504e+01
1.094978944816117128e+01
1.327015895681669377e+01
1.206140955849784291e+01
1.320812889471707763e+01
1.232972721381019809e+01
1.081125359400055963e+01
1.098156278146436193e+01
1.318864007862742227e+01
7.367667160103811064e+00
9.328844411639892087e+00
1.234746994154383160e+01
1.289775289732789787e+01
1.338584687997092360e+01
1.302457873521201392e+01
1.392558709957161867e+01
1.367273242290126056e+01
1.119040107947416907e+01
1.310384176784707932e+01
1.035261735057702026e+01
1.370970273606225120e+01
1.398864536283465654e+01
1.285660601289416860e+01
1.062720771859444291e+01
1.385058748945779428e+01
7.618883384312931994e+00
1.112250919419706996e+01
1.171333809044772423e+01
1.173899978024931912e+01
9.793686385168092201e+00
1.107377440575434946e+01
1.274636728430281885e+01
1.305445139732159632e+01
1.278030149812452620e+01
7.035525888009548368e+00
1.257534304188167695e+01
9.928789403471061092e+00
1.242849820190351018e+01
1.093204511341738794e+01
1.205838628167505178e+01
9.792525083240656514e+00
1.258426075012996392e+01
1.360053198014745668e+01
1.062750274482268331e+01
8.018498502589929799e+00
1.375386598395684956e+01
1.192780629240219170e+01
1.329615288974562759e+01
1.378183039758538264e+01
1.348275885806641483e+01
1.177097611445687519e+01
1.390872196107424230e+01
1.129301289509745487e+01
