7.997828833777021806e+00
1.294583035036258423e+01
1.305616916180199283e+01
6.475068070489207628e+00
1.189427001533184303e+01
8.681063970268269259e+00
1.288078056219994316e+01
7.943455412715707098e+00
1.064242035845065537e+01
7.041979062680101542e+00
1.306664067717094468e+01
7.088099078701967315e+00
1.118330432918727269e+01
7.804586725077029996e+00
1.205311434830893802e+01
7.473552770475183848e+00
1.206628024892597395e+01
1.004792184329325977e+01
1.166948891308375558e+01
1.016486257481887101e+01
1.045233817490759698e+01
1.083545772872565749e+01
7.826750757291249805e+00
1.060598473751717563e+01
8.110715357428254890e+00
8.395679111120411875e+00
9.992187051360195582e+00
7.826044773757330653e+00
1.095184236038157444e+01
8.396543686872117718e+00
7.488331312459225231e+00
1.318975946130007770e+01
9.486579625660510828e+00
1.354342053057099626e+01
9.317760579272423627e+00
6.084704203558874092e+00
7.593743902478167662e+00
1.268280280351412337e+01
8.881490264132281709e+00
1.277101537909507201e+01
9.105671674658051273e+00
8.373789908447648145e+00
1.240581403773414237e+01
6.578309495669761198e+00
1.300761302928460594e+01
9.358931772790754167e+00
8.629680987078231169e+00
7.759365082473602904e+00
1.075525896783742752e+01
1.358356790311020568e+01
8.819351670639667518e+00
7.845349249639704148e+00
7.981215951689153876e+00
6.728254306580058852e+00
7.893718956182945057e+00
1.115359974777197039e+01
1.170759264035832103e+01
9.332830357507395647e+00
1.354914624627681263e+01
7.335707983078093797e+00
1.172567487563267363e+01
9.241162456354526711e+00
7.915008438082064224e+00
7.557188913973329925e+00
7.340904693852189133e+00
1.382284258266600396e+01
9.115397190433863983e+00
1.086510551011516057e+01
9.458956606009884638e+00
1.248771108737236446e+01
1.206869565001802158e+01
6.373909692892616441e+00
1.113096536171395812e+01
1.375057038772852636e+01
1.280339926596344569e+01
8.365394379261907432e+00
1.088748227175304706e+01
9.602918096784735624e+00
1.067660162151134173e+01
1.049414621345379928e+01
1.186582485996155611e+01
8.566552590112650023e+00
9.458574053146810101e+00
1.063282053465076160e+01
6.064709137927749794e+00
8.173281298977276066e+00
9.889180735215218121e+00
7.444061154433828875e+00
1.175258373317591065e+01
6.841798403098042769e+00
1.178281317079142099e+01
1.257772160012782336e+01
1.148474218462702012e+01
1.333811091708268037e+01
1.169342114400153676e+01
7.769505637818003407e+00
1.257607444881588776e+01
7.946240138222775862e+00
1.265230714529705125e+01
1.071081601284060270e+01
1.010122597995280458e+01
1.063186665305730116e+01
9.148765751596851459e+00
8.163763009713923324e+00
9.683149436317341596e+00
7.104453579219251580e+00
1.095710544370757589e+01
1.037487309963694671e+01
1.138462731904974490e+01
1.110613312315857115e+01
1.339168326454737112e+01
1.013717515850151507e+01
6.099808388076421117e+00
1.304265366568685280e+01
6.967807198770032073e+00
1.183355574201659621e+01
7.579391956352773185e+00
6.986397491869772658e+00
1.363796530609486801e+01
6.285685919410671119e+00
6.241595927989237680e+00
9.586707021608336987e+00
1.068562096366054170e+01
7.412880607532454036e+00
1.179742343761293100e+01
1.351361727938786927e+01
9.987843192049442820e+00
6.974093729172277989e+00
1.274784764094097333e+01
1.354327426542366908e+01
1.266257936465954259e+01
1.051752322528389527e+01
1.271796839614520280e+01
9.015069238410674757e+00
9.997407970078874939e+00
6.650419292994776299e+00
8.593241626663360222e+00
1.332521044960557788e+01
1.282761897303845089e+01
1.075325201094128857e+01
1.324292438238684078e+01
9.415421721646858089e+00
1.350088573761299138e+01
1.356696640553842315e+01
1.055974265171303372e+01
6.401625490600549639e+00
1.307729550289251463e+01
1.329110662927576847e+01
1.354442882700033124e+01
9.776157403291346526e+00
8.330345413764415952e+00
6.700103798133285160e+00
1.303467858958626024e+01
1.178416220315651586e+01
1.241444494156859513e+01
1.215253067083624750e+01
1.253892368010066960e+01
6.887917326983810540e+00
8.706224679056518312e+00
1.251336359673050858e+01
1.187420889604567975e+01
1.213405086388390330e+01
1.207688575352874594e+01
6.535360277885320812e+00
1.260858858866600940e+01
6.687301191585561355e+00
1.257924271795504367e+01
8.536706291330100171e+00
7.696992909556017004e+00
7.567247443642175497e+00
6.617810835317951224e+00
9.986104058516538373e+00
1.227681944418146287e+01
1.120352940416158738e+01
1.393634779233254051e+01
1.216821401332969543e+01
1.182631476564515793e+01
9.290569434609849964e+00
6.966473245045468943e+00
9.038066452396147810e+00
1.287719970165032279e+01
8.686773618510434503e+00
6.980131218298237350e+00
1.025084006269770143e+01
1.085958046322000214e+01
6.946508395765913946e+00
1.213048468786571377e+01
1.006322323504459249e+01
1.069710137014861395e+01
6.307221768968509501e+00
7.726321187379897815e+00
9.523750814130817588e+00
6.832709028686991815e+00
1.183902942365069322e+01
7.734224699349815602e+00
8.890238222062137652e+00
6.267155294990171654e+00
8.024812258442178603e+00
1.279243328078977271e+01
1.026813475207301884e+01
1.185704058268571082e+01
7.660701228618497893e+00
7.569424150381399485e+00
1.067061347171885188e+01
7.536014315662669105e+00
7.581783812760759744e+00
6.793766677985741964e+00
1.207647113445971243e+01
6.705445421899383973e+00
1.311181501971981334e+01
1.296442832591809413e+01
7.290094909574309057e+00
1.373915312285086543e+01
8.727422161567186976e+00
1.311197490674253530e+01
6.578196267199115432e+00
7.150168576173197010e+00
9.531166965652872136e+00
6.381376213220560700e+00
8.156109240923591130e+00
1.079069212450317927e+01
7.053031359724224458e+00
6.995744339001744194e+00
9.209492639296604111e+00
6.824962699444755643e+00
1.122272903757270157e+01
1.232340488411778701e+01
9.790713421800600003e+00
6.522434620703225328e+00
1.089845753250057570e+01
7.918675791376688977e+00
9.040278270324996868e+00
7.542236766761302391e+00
1.112381493408022237e+01
1.255140771538734867e+01
1.286834442872813611e+01
1.217446937083528269e+01
1.037285988038732043e+01
1.044659871986979560e+01
7.624025851756421446e+00
6.121560251592136126e+00
1.047399937218470356e+01
1.158123450754569816e+01
9.168180125767353417e+00
1.114339476301864096e+01
8.599961684029658215e+00
8.823277493674993366e+00
9.034143857495267937e+00
1.277093178034022891e+01
7.628410825063018486e+00
1.374299075892470157e+01
8.082201545999470937e+00
9.925405211219249679e+00
8.053590144986111810e+00
9.819448515263815125e+00
9.194131860074200802e+00
8.998234026094392490e+00
8.396111348301840138e+00
6.175782973000125686e+00
1.246062415713447891e+01
9.608006017139231858e+00
8.078085220293392155e+00
7.505874976490041206e+00
7.263264822588651803e+00
1.359221869122542792e+01
1.077355843867498209e+01
8.099380633485477432e+00
8.089998690811970761e+00
1.394779500190802146e+01
1.115746959067005761e+01
7.305994270220078413e+00
1.237467968800580209e+01
9.495280252950816902e+00
1.135124297591309173e+01
1.070223685401549574e+01
7.141246207992038464e+00
6.985990263954363400e+00
1.204247523889766747e+01
7.917246238725082819e+00
1.170239958625757914e+01
6.184447305996467747e+00
1.380705100219160286e+01
1.000392174622525054e+01
9.429695110910049749e+00
1.235985333664129726e+01
9.281250449150130422e+00
1.149727470002509122e+01
6.192378844999974596e+00
1.334126443080764091e+01
1.038524904228594181e+01
1.182903545202233531e+01
1.353398382897289665e+01
9.362487061938153943e+00
6.834498922744013605e+00
6.269921062031301950e+00
9.785708503539865433e+00
1.060240134059183248e+01
8.814952395100377203e+00
9.904051254251116987e+00
7.014078236627486085e+00
7.295129410134379988e+00
1.322822385607182483e+01
7.416267914252805404e+00
1.029819104147699349e+01
8.625395282569312982e+00
1.359302406734491342e+01
6.780431698077498126e+00
7.841740235074213139e+00
8.393820583351692122e+00
8.889929436540214169e+00
6.771639107717681405e+00
7.237377835299339424e+00
1.292467649416447273e+01
9.846319274808987387e+00
7.279500282029633951e+00
1.333742832143545876e+01
1.178870278573194597e+01
8.032087850931105777e+00
1.301226200887268547e+01
1.190361566307385033e+01
1.395749109329103277e+01
6.630719582831691383e+00
1.095592553272093639e+01
8.082393308426073730e+00
7.220574236927111755e+00
8.319709387847336046e+00
1.181449415323191587e+01
1.102973344832057023e+01
8.509728656069714958e+00
6.837134530170642321e+00
6.990536065562791279e+00
1.088167131782398478e+01
9.800652672863444437e+00
8.967034784583969298e+00
6.773989373391717805e+00
9.946819893897284715e+00
8.117679962538627336e+00
1.298884602518144682e+01
1.155201126973452830e+01
9.339463827219061542e+00
1.335610941444707223e+01
1.047239875687911415e+01
1.263315548686498779e+01
1.074699705152489670e+01
1.354599505135353255e+01
6.710609431939058567e+00
1.222400864134197818e+01
6.331603724224171614e+00
6.858282928033337278e+00
1.246502540244738633e+01
1.180922830527617506e+01
1.075830194721415367e+01
1.333149333739692999e+01
9.163231495389522863e+00
6.043650445016481854e+00
6.573232939456752355e+00
1.179214851668675479e+01
8.074964096046709727e+00
1.068126519994564916e+01
9.516974463456961075e+00
7.857101033380041955e+00
1.194775329227502425e+01
6.243632244146297694e+00
1.149282533678905338e+01
1.199333196621805797e+01
6.668117678145951466e+00
8.236027940709748307e+00
1.339167375586361075e+01
9.708028657544183204e+00
1.066605502410365958e+01
1.219067642662030870e+01
1.284249554920084435e+01
6.823970440000103999e+00
1.026168932737054362e+01
7.651499935827706267e+00
1.155016331028882703e+01
1.355393401841475409e+01
6.374748431910658653e+00
1.116550143922713367e+01
1.113369908523144858e+01
9.317671356044579412e+00
1.101715763131027614e+01
9.118978187967561766e+00
1.389598398251713185e+01
9.838972417130250392e+00
1.259919355311395783e+01
1.343765555105318654e+01
1.192964122108210390e+01
1.140062274364176886e+01
1.163098392086591915e+01
7.034201334801061911e+00
8.177497361623521144e+00
9.659647395865812669e+00
9.391191491136508418e+00
7.302013898739367903e+00
8.582588093517326655e+00
1.171912987638084580e+01
6.431998034509014417e+00
1.106404812360302081e+01
8.924315660408876028e+00
1.348359907201427887e+01
8.318385295877126495e+00
1.375155112775918198e+01
1.282183348561965985e+01
7.686451980691209940e+00
1.317657803144251005e+01
8.485403113882068027e+00
9.538495202092040159e+00
9.470915068888338340e+00
7.305720085883088188e+00
1.008704153900299261e+01
6.416686673833885024e+00
1.375360116926738385e+01
9.373236868811025246e+00
1.267030075717175031e+01
8.460368425232102751e+00
8.297015876795363454e+00
1.083202249828504904e+01
1.217672483184188259e+01
8.627384326029741146e+00
1.189110747594830819e+01
6.846266585508194780e+00
6.588294250059576918e+00
6.717780864079956338e+00
8.258866114883341325e+00
1.017189292602024508e+01
8.399096949485898023e+00
8.404238752870515583e+00
1.002279412519827062e+01
6.334180919404797550e+00
1.265430726242079729e+01
1.055000200881662309e+01
6.944413965053969129e+00
1.382060517905779662e+01
8.304738599918703557e+00
7.860396778215346103e+00
1.293974419403849296e+01
1.198984179953466445e+01
9.946357637027826826e+00
1.302463530872876163e+01
9.706317074493199470e+00
6.211533427844742050e+00
1.177458050680052892e+01
8.109366492107159985e+00
8.586429502023037230e+00
1.343827485938971833e+01
1.097529315543811990e+01
1.211048789999863473e+01
1.026864657927679758e+01
1.072387870157409040e+01
1.213380488226955478e+01
1.357028061499299909e+01
1.167901600174639043e+01
6.225109861303375069e+00
8.855953751412478425e+00
1.218887548269035115e+01
6.266982431209278559e+00
1.303966756523322346e+01
1.138050731266303472e+01
7.897180441448793609e+00
9.491152051535712175e+00
6.232564088876796582e+00
6.564156902770736046e+00
1.040215559164045622e+01
7.815498904492849341e+00
7.431675035361616999e+00
1.357128426395832932e+01
1.122352334280171959e+01
6.346284750181558465e+00
8.370128529764214065e+00
7.463623313587159025e+00
1.366567062355457551e+01
8.449932275792845005e+00
1.086967927986634841e+01
1.015853830021431037e+01
1.325688612714200509e+01
6.040123771094074279e+00
8.607914788696886532e+00
7.395052362802482904e+00
1.225416034907793161e+01
9.112481280246210957e+00
1.269590952519322968e+01
1.022538068284289814e+01
1.360005253473352127e+01
9.540048263462940881e+00
8.801081365375846843e+00
1.189198012276064986e+01
7.466636039424132676e+00
1.112547884788183339e+01
6.476422763720219855e+00
1.180457995868106202e+01
1.219348892582260646e+01
7.056293108108660839e+00
1.306788420692785380e+01
6.726526202189738513e+00
1.196272530166944925e+01
1.331932450934506207e+01
1.116095545367156916e+01
1.053711888311617884e+01
1.175883783041634700e+01
7.772662394001461195e+00
8.415114905825220148e+00
1.266813853330607742e+01
6.723968034229586443e+00
1.069871260208251229e+01
1.308382873495780174e+01
6.656119196838239382e+00
7.360131934720125280e+00
6.827973847747083269e+00
6.852286447952281812e+00
1.241934202993070535e+01
1.100524529270658292e+01
7.789524088882627595e+00
9.446221378636215249e+00
1.061387618105736586e+01
1.158843174629534900e+01
8.868700410086542973e+00
8.877100560089555614e+00
9.134311654866760222e+00
7.300512328902420300e+00
6.335702266402130967e+00
1.096139028914558011e+01
9.680627355346516083e+00
8.263730313955587548e+00
9.587375660246504339e+00
6.759229705184396586e+00
9.088016472284476066e+00
1.094287044992714542e+01
1.344912726989812057e+01
9.986309372914536908e+00
7.964413137691577660e+00
9.558257550863977769e+00
7.719725039260362465e+00
1.326417796042853858e+01
1.344623490632834439e+01
6.418943651382221560e+00
1.197930169973643544e+01
9.513688544873456721e+00
1.260463998543579756e+01
1.072201041570903080e+01
8.500038397149928926e+00
6.204279448149488729e+00
1.304126818147123146e+01
1.075716306617161422e+01
8.384563757897250724e+00
6.917753400225955751e+00
1.043979456912993697e+01
1.161001106973017372e+01
1.096876087114014631e+01
6.132337993232906292e+00
1.312273588588899287e+01
9.481039319815424804e+00
6.577643113179130196e+00
1.168978035225979539e+01
9.778843840470415216e+00
9.083256132449889719e+00
1.041619147129272704e+01
8.614125544342652319e+00
7.906522304372362697e+00
1.326137840727887784e+01
1.243657076233669301e+01
8.663650483091082322e+00
8.322561659562779823e+00
1.204642405249301262e+01
1.217809836753182751e+01
6.048682362073158458e+00
1.280954930570940498e+01
9.576151648622499124e+00
6.773989891524085927e+00
1.096570779830570785e+01
8.566281333410245225e+00
1.343268270344027471e+01
1.243036483371210110e+01
7.343561361500797524e+00
1.218870481725173782e+01
8.026096065627708498e+00
8.300827700044113300e+00
1.387064154373500457e+01
6.919558049387761756e+00
1.195685854353328637e+01
1.196014411607010786e+01
7.675277515220163771e+00
1.305865049345697670e+01
6.712834932062325066e+00
1.173490414438945173e+01
6.002726899778886960e+00
1.168705600835738601e+01
1.094840368119711727e+01
9.031421444773641838e+00
1.120050579292707305e+01
1.133116458050453801e+01
1.089787302659050461e+01
7.612510643935546994e+00
8.463130880684458290e+00
1.299581577491891338e+01
1.268413108847828141e+01
8.692030091956127080e+00
1.390761574229752995e+01
1.357529167755937571e+01
1.169801139184399119e+01
7.647326442530046897e+00
7.851345191569574666e+00
9.816884340127746356e+00
6.598706589152893542e+00
1.318457374244530200e+01
9.265789540037783212e+00
8.856326918654801261e+00
9.626754422392393096e+00
1.338341414274141350e+01
1.328765714856002056e+01
8.051819038468275735e+00
1.039255772889414686e+01
9.461346734660931901e+00
6.367347362063136451e+00
1.019660571837303920e+01
1.214044127987415322e+01
1.218265683530735899e+01
1.187162276522674631e+01
7.627290763847664579e+00
6.585667674152488438e+00
7.352382991096545695e+00
6.079319503551789516e+00
1.204629167192823580e+01
7.636529521514241914e+00
9.483515486471731037e+00
6.740890422237565183e+00
1.030699214834963229e+01
9.267538414006587288e+00
8.185049895308699419e+00
1.360021425653301108e+01
8.483334389608774728e+00
1.135737946777593876e+01
1.371022174065547006e+01
1.158389154150550482e+01
1.149909754854190247e+01
1.226711583373626979e+01
1.119950132766438244e+01
9.273240646618599925e+00
7.871916747756444011e+00
1.365339974349732444e+01
1.116584662827061969e+01
6.055783723951267739e+00
9.007900577935343378e+00
6.329536788222767996e+00
1.285817521711998879e+01
7.766107306372751928e+00
1.031285719572115056e+01
7.605028682417915853e+00
1.110701045782917973e+01
1.121505819754479916e+01
1.211814276694729031e+01
1.020639906182367085e+01
1.266042357529633300e+01
1.209535109998327762e+01
1.013406971174247140e+01
1.281892708285455917e+01
6.981686365769652625e+00
7.121972239215805800e+00
1.391905780008391957e+01
7.046299653739685809e+00
1.104547452762182225e+01
1.111209920063044798e+01
9.096620447707383761e+00
9.485214460602191977e+00
1.013614708689238952e+01
9.813752456705161720e+00
1.104341401469406847e+01
6.508177986477279298e+00
7.836455768892518492e+00
1.053498688308217446e+01
1.050099778609415324e+01
7.932378462647504236e+00
6.743724819060188835e+00
7.676411909340736806e+00
1.023719619901932276e+01
9.056908616916686583e+00
8.366527942197299339e+00
6.387453530947166946e+00
6.421088395338817811e+00
1.250137886945701027e+01
1.039835986172728610e+01
1.346715306750932939e+01
7.965698104145700675e+00
7.110707040057923756e+00
6.240440134324225951e+00
1.074797422168609984e+01
1.074835561760020042e+01
7.721698989129681223e+00
9.268832393369816458e+00
6.957866106136492590e+00
7.179747421915807060e+00
1.104916401476061516e+01
8.524119565253288400e+00
8.417600950471273435e+00
1.080057023995558829e+01
7.973437003831132408e+00
6.128251885873122085e+00
8.444100106520373572e+00
1.299202246341588562e+01
1.300587863615528228e+01
1.334914600630237658e+01
7.546226196995053037e+00
1.135876422871655400e+01
9.937636765211761869e+00
8.105349182395663377e+00
1.114958177186978361e+01
1.088016859941765802e+01
7.158709460138621417e+00
1.208777199769522781e+01
1.328512988932615713e+01
8.471908692480083047e+00
6.793369460727940456e+00
8.907980395635433979e+00
1.279296104153882752e+01
9.698160527114175977e+00
1.211137698488885128e+01
1.068296334832531613e+01
1.380608166172483564e+01
1.045672048803402987e+01
1.226151978030861223e+01
9.077644703082970778e+00
9.592757421092803938e+00
8.162236891059475141e+00
8.029249581354367393e+00
1.042422874141455225e+01
1.136965636276152480e+01
6.286220976976763630e+00
6.313125800640249530e+00
6.222746238891922133e+00
1.026560253843782178e+01
1.066579005083518439e+01
1.039296083713167107e+01
9.872044828550222917e+00
1.048409629010708599e+01
8.408021577444948491e+00
1.331507672718921853e+01
1.280750056611894294e+01
1.000622451467081930e+01
1.089247816800453705e+01
1.087810956700414167e+01
7.926738338093602287e+00
7.275379140251232002e+00
1.311956494892428893e+01
9.131162357932954166e+00
1.327002988588798615e+01
1.154743267916234650e+01
1.185304704447560731e+01
7.461408610456574664e+00
1.310174823626508811e+01
1.235163053974895675e+01
6.467846621832193499e+00
1.319668096503949428e+01
1.036315952437240639e+01
1.157266544257646856e+01
1.261140308136947041e+01
7.842624691653147906e+00
8.746168363455387507e+00
1.245393631504228438e+01
8.969722780070556567e+00
1.123156639784184918e+01
1.255031781080438336e+01
1.219847473882376754e+01
1.083769959623311152e+01
1.339477352057030934e+01
8.382807674147249699e+00
9.428746062390651161e+00
1.218150318486565808e+01
1.209514261345450414e+01
1.127686622733098787e+01
7.004694770698361772e+00
1.062769601264249175e+01
1.372720879939477712e+01
8.111382960432150568e+00
6.551783180003109663e+00
6.118139063404410827e+00
1.082749351521789727e+01
6.417171563931580280e+00
1.340087018488710946e+01
1.307347178866033133e+01
1.320967062757270227e+01
1.118595811712337706e+01
6.248208366135635572e+00
1.049474864351615544e+01
6.620167580355263759e+00
6.657127671094466237e+00
6.445502571139924086e+00
6.971553011943286471e+00
1.023068559994686666e+01
1.053499514071932808e+01
1.221500446212048807e+01
1.226592990758294732e+01
8.385766369024366895e+00
9.557057109348193080e+00
1.006851833260987306e+01
6.042127988406351236e+00
1.301832283708585614e+01
9.983693959486483749e+00
1.063295374615335120e+01
7.854979843985022470e+00
1.220831362554520538e+01
8.891281395903028795e+00
1.147465510544208200e+01
1.012650345025512166e+01
1.275430704604085541e+01
1.025342562760183540e+01
1.274892388720616410e+01
8.638228766322313845e+00
8.800690198630569228e+00
1.166781767046768081e+01
1.153245073910241558e+01
6.889548772192932269e+00
8.471836672131994206e+00
7.029594266373051958e+00
7.866118576106416072e+00
8.976564232899569618e+00
1.384224014353854848e+01
8.969749962552544531e+00
9.576959763590156882e+00
6.611194295622082606e+00
8.969972363293626572e+00
8.421198129926061426e+00
8.927794820242787921e+00
6.948235485991302696e+00
1.125519623673134006e+01
6.621399949643339333e+00
1.157005422550441232e+01
7.887512919662216682e+00
1.157462496502069982e+01
9.588043800171396569e+00
1.368346096494386188e+01
9.118470309179055988e+00
1.254330652708139127e+01
1.351337919047698755e+01
6.298732442019282729e+00
1.079717515093777180e+01
8.078895548723233233e+00
7.873883226335777863e+00
1.009191067533231845e+01
1.352638981145693364e+01
6.495397373854379985e+00
1.367309301810779765e+01
1.245274348691245336e+01
1.320166324105915123e+01
6.402855467801324529e+00
8.405873774882440586e+00
6.977822626960389130e+00
9.212377771058584131e+00
7.388414455685847315e+00
6.553095255347242798e+00
1.117573629322841100e+01
1.027196471401447653e+01
1.305563221591183520e+01
7.248324770746854107e+00
8.783013906254886649e+00
1.066179765025801096e+01
6.647756966942319323e+00
1.313802489145095720e+01
1.372739547663443105e+01
1.030546827395180287e+01
1.262328834081231221e+01
9.933472221166674387e+00
6.765333177845285206e+00
9.215366157356319476e+00
1.020440189963665745e+01
1.185865740816572256e+01
7.082229795576022724e+00
9.521845292305016528e+00
1.156521517709877322e+01
1.106310154538603285e+01
6.672294991481597215e+00
8.691494892971672215e+00
6.382792574119655171e+00
7.196938121086819962e+00
7.672209206417250016e+00
9.321466828218003542e+00
1.000672601569637621e+01
1.258304424747204564e+01
1.222161050927989834e+01
9.999714973323550637e+00
8.475646618897016538e+00
7.063087755007074975e+00
1.306698787453334276e+01
9.650243792438367052e+00
1.094775194228593307e+01
1.156386542076996449e+01
1.195949704297892779e+01
1.258728379660503904e+01
9.924552135817521048e+00
9.465985791435453933e+00
1.202327378919394718e+01
8.890799928376921457e+00
6.436695606236121137e+00
1.252756234785219114e+01
1.122544197638357844e+01
9.672844754845423054e+00
1.384234984070115715e+01
1.140957651611512347e+01
7.071397838837873095e+00
8.806189770206744427e+00
1.027995672530581928e+01
1.233905024006669748e+01
1.281882324625184211e+01
1.073047129703325098e+01
6.618276016470409751e+00
8.999679511142044674e+00
8.704447861757557803e+00
1.304148066931598748e+01
7.228303735425386733e+00
8.108223171976563393e+00
6.378273450424583935e+00
9.727185301597170763e+00
7.291535577097717713e+00
1.381219770120673829e+01
9.451462015371983938e+00
1.324726838271995888e+01
7.620833866530360545e+00
1.057267784309408398e+01
1.192871248068791523e+01
1.235835467649659236e+01
1.132420138642385155e+01
1.399215889535345525e+01
1.173033758611316557e+01
1.089408571574591278e+01
1.299834708268935479e+01
1.174574263563164855e+01
7.042489228212345687e+00
1.215207892149135382e+01
7.205363230356811144e+00
7.189390249142778799e+00
8.323679971779601061e+00
1.197262665615444988e+01
1.067449271175272685e+01
8.768396495209010766e+00
1.240771881500207030e+01
6.752350863490005572e+00
8.377912102256862781e+00
1.278601133630127862e+01
8.899244190226806239e+00
8.610058731394993004e+00
1.028104186129120201e+01
1.326865102835947852e+01
1.369671614950937411e+01
6.634228918674468289e+00
1.358775812161353258e+01
1.368620167314023384e+01
8.794967855976000948e+00
6.144629269929222204e+00
8.822507030307736642e+00
1.216368232879831979e+01
6.980140366178784639e+00
7.957819126204288551e+00
6.956853307115731688e+00
6.273312385172168604e+00
1.270120503356945463e+01
1.077455621681285436e+01
1.301372612833574394e+01
6.987011052388349519e+00
1.144037381326522151e+01
1.060036328762444313e+01
1.270232971773670627e+01
9.842893304449646052e+00
8.299841193034367848e+00
1.006545951770509895e+01
9.817410060267672378e+00
1.148898873759695505e+01
1.355326189977115803e+01
8.932892072653825011e+00
1.056643795144877274e+01
8.841638105608506493e+00
1.046223963542816726e+01
1.330081437504211195e+01
8.636246498144682704e+00
1.345905520896993579e+01
1.214937717831955766e+01
1.181346257204183736e+01
1.244604464336059202e+01
1.035144175199576821e+01
7.645648386451621370e+00
1.391752047352544963e+01
8.266172631124316439e+00
8.265773543923755184e+00
1.022088305611286430e+01
9.289683780622272735e+00
6.694708895739711174e+00
9.668084345353221920e+00
8.716990760637223445e+00
1.331741299745985074e+01
1.315319812539928890e+01
1.084506211201603421e+01
1.170172153988209018e+01
1.070468698598118706e+01
7.848164162284576584e+00
1.205181158570808719e+01
8.173052606135334130e+00
8.925034261645054201e+00
1.274324150684594059e+01
8.920383953234377827e+00
6.385190310863909424e+00
6.190253978610829932e+00
1.184990042559715917e+01
