8.495697085857255360e+00
8.992864589287039578e+00
8.882516935009546089e+00
1.057252950375762524e+01
9.145616259732548770e+00
8.825471416600038310e+00
9.243400518615572992e+00
9.089821505345616615e+00
9.458771807669874576e+00
8.849628637852614332e+00
9.646572936435342527e+00
1.030315830660302190e+01
9.192297326798881230e+00
8.442575029096810013e+00
8.328473839099538978e+00
9.013864049977907911e+00
8.998122288076936925e+00
8.024201061369391041e+00
9.374798253823847460e+00
8.250867439830809502e+00
8.056030986009607986e+00
8.166289803919326573e+00
9.069386226653385563e+00
8.740353444768842905e+00
9.876910522906438672e+00
8.112332261891650020e+00
9.769117585604849552e+00
9.052448140805850585e+00
8.241981812233802884e+00
9.335242435413231732e+00
9.352214871903468563e+00
8.114290922729246347e+00
8.309855170082656173e+00
9.018503163305350512e+00
8.478963106590001075e+00
9.449212631944687857e+00
8.767962198197080781e+00
9.944890193202548190e+00
8.117687307572365896e+00
9.323307439825027743e+00
8.624815805275444447e+00
8.732701137347962828e+00
8.334138748295083943e+00
8.313428216511161040e+00
8.210478857417900400e+00
8.467360218231231528e+00
8.273105948833418211e+00
8.210385379379786741e+00
1.126481276925052200e+01
8.593146712796176701e+00
9.133583720571280651e+00
8.468641610826365351e+00
8.843490519730742960e+00
8.691552670534253622e+00
8.948525092234529410e+00
9.282759026107484601e+00
9.090373934543812595e+00
9.435919105783506566e+00
8.158180598282770646e+00
8.098750344946582302e+00
8.413849307101385122e+00
8.657447777014072088e+00
8.254121690365620267e+00
9.483794869811898565e+00
9.271381018556716924e+00
1.044852363174114451e+01
9.305489596729628943e+00
8.113331441316125492e+00
9.093609296034834699e+00
8.531129250651254381e+00
8.300584656797258987e+00
8.921181226879376425e+00
8.359808659384810881e+00
8.756846215617114737e+00
8.857968488748952041e+00
8.753039265796617840e+00
8.010744031206039395e+00
8.428844663667115711e+00
9.562851433084350816e+00
8.426018352590546101e+00
8.712084361999432147e+00
8.425614877578851747e+00
8.222191389125100613e+00
8.222835437117872459e+00
9.381743072526063543e+00
8.988734173764971302e+00
1.068908676537229496e+01
8.546460849692024908e+00
9.012161031790906662e+00
8.632126544630949638e+00
8.642335960802917327e+00
9.924747299443982484e+00
8.605690932745618582e+00
1.063340852304484763e+01
8.968919805247978161e+00
8.089295029417678862e+00
8.070404134047061362e+00
1.203499391927186046e+01
8.509758503416131603e+00
8.885419276612875450e+00
8.564905375090106077e+00
8.173040485680310496e+00
8.134162109256942941e+00
8.239141022006956305e+00
8.929725098291495300e+00
8.790834074740294213e+00
8.398372965342003837e+00
8.045179641650907598e+00
8.391603698048941240e+00
8.508001820541077009e+00
9.412325379004853332e+00
9.337443206404413942e+00
8.250268242698833632e+00
8.258348476142268524e+00
8.988546494164415535e+00
9.054910325739355059e+00
8.823490007371791677e+00
8.118751307148729168e+00
8.336480444403123968e+00
8.032216638967355493e+00
9.433780794900378908e+00
9.642495479147127568e+00
1.053175425452974245e+01
8.092022712912443794e+00
1.036672855857140796e+01
1.050623517052041223e+01
1.407745496131970242e+01
9.504576077296102099e+00
8.304676104019833360e+00
8.307284782550491187e+00
9.165447453743340134e+00
9.138599199661976868e+00
9.079778367461710076e+00
8.435595815287731725e+00
8.733546927323619258e+00
8.358816491320693487e+00
8.908299535248827894e+00
9.480175142912406372e+00
9.199636485542901809e+00
8.566523918718772279e+00
8.743868851105645490e+00
9.480246848307269047e+00
8.265076721755267641e+00
8.250127617250369028e+00
8.663562773085125457e+00
8.681488365997898526e+00
8.023752621151100328e+00
8.872145478859785328e+00
8.540840655513694202e+00
8.858917755603791022e+00
1.046303174689265525e+01
8.405142284780090733e+00
8.114105132221610006e+00
8.231325291642846764e+00
8.366057476721653785e+00
9.991211611084361621e+00
8.796452680573429106e+00
1.331486685727509212e+01
8.335517514829842156e+00
8.071202614155428279e+00
8.358373723598585769e+00
1.290559070881613479e+01
9.359065123560300847e+00
1.046582604367210223e+01
8.903484911786341272e+00
8.322085060694488945e+00
1.108853593436565887e+01
8.260269847378216568e+00
8.506027211304251878e+00
8.347273288360291588e+00
9.031306176842015532e+00
8.541301542657818047e+00
1.114907480805752726e+01
1.142405909200473602e+01
8.101937511952336024e+00
1.063572617960295119e+01
9.599467854901973851e+00
9.245967139010391023e+00
8.450649700801225350e+00
9.138051614094090169e+00
9.664244919638132814e+00
9.774458474037009736e+00
9.638741182617469150e+00
8.385697172678078459e+00
8.204583107002488163e+00
8.784769938638232745e+00
8.293332701768880710e+00
9.537048333840427716e+00
8.045698434345338157e+00
8.554096008382137128e+00
9.507730190714411833e+00
8.083989515511214918e+00
9.161485462181861550e+00
8.262746570983811267e+00
8.136271019461879916e+00
8.368005831793293936e+00
8.019525638615148111e+00
8.994313078670375106e+00
8.404828635035272555e+00
1.306898491984015820e+01
8.102962667179722800e+00
1.025269340089158376e+01
8.689070996874251662e+00
8.125223959775391691e+00
9.938757180680594772e+00
8.117709297483443720e+00
9.038060932866308406e+00
8.281325733656846211e+00
8.596233821455175672e+00
8.851017925074913251e+00
1.052168009559820128e+01
8.334792912158844658e+00
8.490524503954015145e+00
8.222638392417474407e+00
8.421017880893666430e+00
8.134459626639774399e+00
8.794257620919486484e+00
8.819235742837538083e+00
8.976500332895941625e+00
8.261822504775050646e+00
8.566260205765495073e+00
8.042311736415040713e+00
8.041089413197957114e+00
8.370285518134139124e+00
8.671665475810579338e+00
9.180822903582859240e+00
9.421604345611401143e+00
8.513798337982354525e+00
9.408975326969885700e+00
9.300498428226800840e+00
9.000961678550016387e+00
8.152719758756784785e+00
8.338616117099249436e+00
8.763305198628838610e+00
9.681642724620758145e+00
8.516363960155677759e+00
1.141325720298821444e+01
9.094821193173348917e+00
8.375501975635648577e+00
8.824245148173432085e+00
8.470121526550126845e+00
1.043020421914764029e+01
8.049555010291106427e+00
8.259957358926573789e+00
8.101552808574256304e+00
9.637938688117101194e+00
8.212054515627665197e+00
9.358085522026298619e+00
8.824615546382933218e+00
9.773228151096514438e+00
1.328812799322114202e+01
8.167515848098878095e+00
8.163010028265023976e+00
9.011193711412044394e+00
8.036979773859027176e+00
9.700555619042395605e+00
8.472629941947145582e+00
8.509051736245545783e+00
8.848739128457655312e+00
8.418695328936729894e+00
8.357011057444221791e+00
8.229374446644355245e+00
9.268765474415229022e+00
9.463661747623042686e+00
8.936755371589182317e+00
8.269231733428487274e+00
9.186653464487800846e+00
8.171807708878558785e+00
1.010605217860242888e+01
8.591179318646890550e+00
8.645998885288124214e+00
8.228342279376438029e+00
8.955840414077369971e+00
1.220296938944892062e+01
8.889406583531785699e+00
9.056545114821133780e+00
8.340364634492329898e+00
8.394304729522986008e+00
8.218598383843271904e+00
8.722785430210450386e+00
8.160138912998951000e+00
8.963595350110249882e+00
8.626068558612603354e+00
8.978995982562606670e+00
8.073346100496701538e+00
1.015465720998181709e+01
8.475750314953296893e+00
8.231845502054214947e+00
8.694715839274294922e+00
1.065670468567731888e+01
9.185105734600032434e+00
8.415646846888135357e+00
8.362180855626045073e+00
9.082600830032717454e+00
8.092997977163898682e+00
8.454776445461584800e+00
8.651386970829028300e+00
9.429274838568080241e+00
8.393809272451120407e+00
9.570947410811974976e+00
9.526418826087695635e+00
8.019655112804226604e+00
8.211231190968517168e+00
9.059567394829640463e+00
8.685262467377878437e+00
8.028025389720506055e+00
8.445738629658521290e+00
8.982894316394428813e+00
1.278985530507170765e+01
8.231773804018397200e+00
8.165722888048735584e+00
8.453136226260470565e+00
8.800537820387681620e+00
9.092131289886355106e+00
8.447560971484612935e+00
8.259342962980037228e+00
8.005238125464670063e+00
8.202663456300889777e+00
8.105431145295186823e+00
8.277216845075152207e+00
8.389455654955806807e+00
8.082011245500277496e+00
8.520616664739506518e+00
8.183473515735920856e+00
8.870761955705861013e+00
8.474618123625498711e+00
9.020685230186073156e+00
9.496798693951593151e+00
8.088506670551243616e+00
8.482041679372198217e+00
1.180654560376541262e+01
8.002312267287063463e+00
8.614171516014135221e+00
8.632822944285072353e+00
9.735690475014102674e+00
8.342809947082747257e+00
9.496246065490410615e+00
8.002202646609307024e+00
8.674816258759463494e+00
8.384663697847477337e+00
9.651070285695849904e+00
8.515749859258065158e+00
8.072439969779848568e+00
9.232327578077587305e+00
8.013311189632954523e+00
8.407091238913389830e+00
8.689812741495632764e+00
9.353797785584827551e+00
8.375514022995753649e+00
8.109923638074674201e+00
9.744436305019796407e+00
8.009871222763223386e+00
1.006460126494440210e+01
8.112606190215229773e+00
8.134332804581985599e+00
8.181796331958945956e+00
8.160571426497346792e+00
9.583668083888891687e+00
9.665909668055466142e+00
8.185688803491807164e+00
8.119366612101917013e+00
8.849755681890203007e+00
9.202996472282109153e+00
8.818800787448008549e+00
8.028080458006572329e+00
9.452811382203449853e+00
9.252428780113595153e+00
9.263226029103691417e+00
8.232200982500515352e+00
8.072874725810180507e+00
1.390875083635656040e+01
8.649699323200472634e+00
9.295513486643370626e+00
8.101387726990301630e+00
8.703060685154040854e+00
8.701374247276282503e+00
8.131086399389674924e+00
8.433259279339186065e+00
1.022066726961584493e+01
9.171876532288024464e+00
9.315540693590897092e+00
1.010610418489362416e+01
8.371477678561657143e+00
9.560384462298772590e+00
8.101522028238251849e+00
8.861681180501932431e+00
8.763887455744988841e+00
8.564212687718622874e+00
8.234671184176669101e+00
8.557788857900895607e+00
9.859715917280755804e+00
9.311941808350457706e+00
8.580896277356673707e+00
1.142924756401516007e+01
9.538475920895431059e+00
8.045270015874582015e+00
9.389244803698012731e+00
9.267757048818268117e+00
8.050473267729630678e+00
1.061124930064548266e+01
8.629306771672444754e+00
8.273289475173363883e+00
8.594616358047179716e+00
9.794445875127415491e+00
8.288356726076221648e+00
1.045448755545836050e+01
8.066930508991905668e+00
8.093604428024388397e+00
8.914602304182629666e+00
8.712935596240797054e+00
9.113233904045991096e+00
8.044417960966329773e+00
8.301432671981352485e+00
9.214510401562115760e+00
8.422206824314732998e+00
8.363346683462856035e+00
9.713560100182329293e+00
9.589944459592565806e+00
9.366456199536521865e+00
8.987854985122842422e+00
1.108796037329651085e+01
8.021281856521570219e+00
8.165633303085556349e+00
8.615979269241556437e+00
8.329462642169993103e+00
8.347233007379163183e+00
1.192694711646224270e+01
8.045228025193761567e+00
8.026239127180668120e+00
1.073559904120791586e+01
8.174460584545073516e+00
8.043928149355194179e+00
8.613495834015310493e+00
1.013614371439236450e+01
8.365376604483042655e+00
1.069195222918898125e+01
1.000452817527212090e+01
8.329084628257687584e+00
8.571707181602199910e+00
1.057358137656320984e+01
8.131575340024138399e+00
8.063891622677740401e+00
8.209141540543921423e+00
8.255694214153157517e+00
8.197706110126286916e+00
8.032225784488357334e+00
9.264639458677686790e+00
8.176679836792841272e+00
8.607683426109074887e+00
8.128274785247429080e+00
8.454946535776725725e+00
8.506613880978733278e+00
1.044168597540754106e+01
9.221854247139155802e+00
1.036597412656259820e+01
8.671574222277740773e+00
8.185536699102486935e+00
8.527011314417077159e+00
8.900610531298793759e+00
8.779239339603963188e+00
1.026630612566814094e+01
8.897414504705054128e+00
8.296562481882343576e+00
1.104884468473858661e+01
8.191071124765780809e+00
8.647100327387498453e+00
1.018614084066263814e+01
9.237604877648063706e+00
8.766540635998401498e+00
9.164201131042430504e+00
8.575886058304851289e+00
8.505516214288951105e+00
8.988426144127712902e+00
9.335632548008964804e+00
1.077195253143485409e+01
9.811220904356581229e+00
1.123634010032764685e+01
8.123169404918021641e+00
1.255385614728428223e+01
8.223520855822325615e+00
8.084364617109443429e+00
9.069472514543518216e+00
9.119286396324969957e+00
1.164284578510525137e+01
9.474136712097786628e+00
8.498663765433740025e+00
8.916554299994619015e+00
8.940210408087367000e+00
9.449953207137385292e+00
8.870118366650924457e+00
8.488478328103672865e+00
9.144001262872139435e+00
8.274570414705165078e+00
8.430092757949664062e+00
8.074326128215504994e+00
9.694071217774217430e+00
8.073645563056821572e+00
8.354957582655945458e+00
1.059874180651491216e+01
8.819639825342317607e+00
8.245746994760075665e+00
1.294585444558861198e+01
1.012636110667627065e+01
8.070615908619750201e+00
8.261735043503019682e+00
9.027950471917096209e+00
8.221648615541424121e+00
8.770412604114110167e+00
8.181354936986002357e+00
9.116894928874319959e+00
8.757656085053804773e+00
1.148780953799384008e+01
8.143654778822595475e+00
8.756558335617521394e+00
8.373565198352316941e+00
8.948526678980122995e+00
8.227221279571695689e+00
1.059551370892831912e+01
8.576114323373458248e+00
8.565231442751207069e+00
9.543299311904718252e+00
1.038074416436156611e+01
8.681166757425193836e+00
9.475297079427482672e+00
8.155415937336014665e+00
8.290899390846501404e+00
9.180875980428176319e+00
1.061383756217714769e+01
8.124666509926298019e+00
8.144317576273627068e+00
1.169801050201767367e+01
8.095670239736204365e+00
8.043843113177841175e+00
8.758762196521363563e+00
8.254132952098041542e+00
8.353290061527221866e+00
8.962056419512819616e+00
8.432702351902662485e+00
1.343854879147548331e+01
8.259057080190705946e+00
1.000452262244724722e+01
1.008122528598718759e+01
8.575517754956690553e+00
1.392804304175619201e+01
8.332400955415669941e+00
8.095480305228289097e+00
8.837467939938230543e+00
8.007499828182616852e+00
8.642765435795000784e+00
9.812802068114621079e+00
8.544222261253132444e+00
8.228146506542724836e+00
8.295251381619658915e+00
1.045118055097425547e+01
9.085338883752973160e+00
8.175916353506103462e+00
8.622117511486599994e+00
8.953457418682699398e+00
8.703481214764089202e+00
9.537530690266494915e+00
8.006312333648056168e+00
8.329983424463270225e+00
8.854703543071787308e+00
8.774139805764207267e+00
8.109904375530973653e+00
8.192633878632610944e+00
9.398199843213031812e+00
8.765256657239261173e+00
9.021560615456904131e+00
9.696916057730589955e+00
8.876653475281507610e+00
8.376803917223368146e+00
8.740763650422756825e+00
8.139712393373612187e+00
8.317560325011427835e+00
9.064588911600527155e+00
8.041979957556794290e+00
8.000851296341316754e+00
1.018100858200161873e+01
1.133341206635231835e+01
1.036034835181016334e+01
8.242659713154328216e+00
9.405101322891958660e+00
8.609666697674189351e+00
8.073586119725007393e+00
9.584677717265336128e+00
9.651170512483938424e+00
9.280053259088077766e+00
1.366959844072984609e+01
1.284306385650471860e+01
8.197744362124245399e+00
9.586759344881061295e+00
9.078292435105822733e+00
9.296336430657976990e+00
1.269953602658785385e+01
9.811671914148577756e+00
8.496786785931353947e+00
1.077203880041275497e+01
1.008076622781849707e+01
9.224970307516196399e+00
1.076397525206419381e+01
8.620392688643399026e+00
9.249166256137311137e+00
8.004095670542978880e+00
8.840675693167076687e+00
9.286228475280257300e+00
8.482905513769056327e+00
1.002433441292771654e+01
8.663720051656071064e+00
8.332053909992234608e+00
8.797275180232551506e+00
1.035932231214330024e+01
9.147116420307394691e+00
1.099732053828843448e+01
8.593517752879924032e+00
9.074347549162727233e+00
8.989920104804498990e+00
8.273283794062329832e+00
9.364828416268068167e+00
8.070413541072342767e+00
8.855958337793483182e+00
8.196033081625037298e+00
8.208678131056512228e+00
1.190363547739705652e+01
8.485353914934336217e+00
8.733159995222424143e+00
9.093964465531991337e+00
8.689734848918064358e+00
9.294176321949422004e+00
8.026375007314857868e+00
9.129179377960941366e+00
8.392144469345337754e+00
1.011497833553349679e+01
8.154793459966352742e+00
8.031122792560617896e+00
8.062887718579695218e+00
8.738531994131463421e+00
8.242388390035662482e+00
9.399086611211275866e+00
8.057127120474730120e+00
8.267655807640439392e+00
9.773379155119318540e+00
8.046715534576273754e+00
9.549344334368651488e+00
8.118518998065015424e+00
9.849975679341685719e+00
9.532672158858014555e+00
8.246867516779946783e+00
8.514118465065530827e+00
8.612497691578088421e+00
8.500506580447282801e+00
8.237029037816210320e+00
8.256387392738069764e+00
9.173430233291240299e+00
8.164352521554551601e+00
8.331267035239237728e+00
8.065099558092676091e+00
8.246039084907476280e+00
8.038541835977166983e+00
9.198450526195395938e+00
8.518234813065184596e+00
8.474282028057132266e+00
8.664828440241123531e+00
8.302856104068794707e+00
8.446808476491099782e+00
8.893956194468476184e+00
8.254278072458854254e+00
8.619837142860298229e+00
8.855484129627082979e+00
8.148609059744227778e+00
8.366681900094132374e+00
8.803435991307880570e+00
8.512927523086636583e+00
9.258762041981590585e+00
8.263082846618315713e+00
8.636244697848185936e+00
9.720626883124340978e+00
8.154048221218891612e+00
1.025310862761127950e+01
8.592842014727542832e+00
8.653619388160837644e+00
9.010349811778374018e+00
8.780522779487139218e+00
9.733019727509640617e+00
8.206581581380442358e+00
8.139152457229444693e+00
8.305825227587833481e+00
1.412538631050689553e+01
8.104099551266138235e+00
8.755984343078281995e+00
9.484483917568919509e+00
9.787346142370333624e+00
1.115648084155524700e+01
1.333226729641123143e+01
8.803533990649015095e+00
8.275472699094445161e+00
8.733753455709774016e+00
9.331928087098335212e+00
8.647538648757150170e+00
8.317880417001845217e+00
9.726494477322836119e+00
9.766763810167436333e+00
8.799948492151397517e+00
8.920198364173410610e+00
8.720588610519190098e+00
9.523890366248696893e+00
1.018105971385335984e+01
8.002013947102316394e+00
1.163541437854123473e+01
8.421778557240966023e+00
8.509372249879316286e+00
8.458364745302754173e+00
9.860231369272758783e+00
9.334813112370779820e+00
8.197123640211895435e+00
8.524406689961621097e+00
8.002730455866183590e+00
9.625126950457971731e+00
8.269554672689451991e+00
8.086666007865600747e+00
9.081073895417789643e+00
8.247302551708221685e+00
8.796304976608663395e+00
8.175788826740900461e+00
9.561163846966390878e+00
1.201591378063868021e+01
8.113719866977900708e+00
9.841449486639790578e+00
8.672931995392602289e+00
8.052779519639297945e+00
8.736697048683762290e+00
8.657631243204971128e+00
1.022020361098147134e+01
8.416109237197408888e+00
9.416721266349300734e+00
8.141916172615221825e+00
8.491845642851703957e+00
8.775135926130543496e+00
8.200309133971316555e+00
8.220359966314457978e+00
8.281489130650513175e+00
9.357887471091943965e+00
1.087335369646182137e+01
8.135997625398962541e+00
8.793940232264374046e+00
8.159117397601908905e+00
8.055783186584553945e+00
8.040256604743110103e+00
8.560202305414936319e+00
8.553946716293738817e+00
9.091217012402660558e+00
8.494184459168424794e+00
8.260996545731032370e+00
8.101261489821563799e+00
8.846666166216120786e+00
8.245055026676864074e+00
8.473450388407147926e+00
8.017685814558051405e+00
8.286405632518091480e+00
9.052691409229449704e+00
8.131405441784737675e+00
9.082804052456079802e+00
9.969123335410877473e+00
1.003537816503022384e+01
8.171258003176809837e+00
8.629858163013008010e+00
1.024964789230944184e+01
9.309060025152689377e+00
1.001280306559434408e+01
8.489215826996995062e+00
8.691174456348129240e+00
1.025488173713513795e+01
8.560390081603117096e+00
9.109170947341423741e+00
8.552673790468837467e+00
9.231023669786408092e+00
8.949911673977041460e+00
8.582685983261697515e+00
8.796336716788557553e+00
8.911673641403778490e+00
1.011244586237213028e+01
9.129704238805310013e+00
9.250905351057927106e+00
1.150411395010648441e+01
8.070059608429351883e+00
8.207779144907572544e+00
8.382904952588605241e+00
1.092001911546101134e+01
8.259489932807907664e+00
8.832626680216108639e+00
8.125292432512457808e+00
8.315625140505588320e+00
8.323115437738348277e+00
9.232599543789092422e+00
8.115219042676287131e+00
9.414630027260244560e+00
8.361753799272072740e+00
9.322270055147081180e+00
8.456591756509693525e+00
8.555824835446134813e+00
8.134481283518113059e+00
8.112991680816925566e+00
8.780540827949545601e+00
9.013545723553090028e+00
8.096654820789566998e+00
8.150162925917221912e+00
8.032980683760030161e+00
8.177225003746505294e+00
8.251771345203614771e+00
9.173453607272106680e+00
8.067438345264138277e+00
9.162851683785826040e+00
8.519914256651645701e+00
8.154263363386927921e+00
1.203584020719040026e+01
8.701721882631948901e+00
8.348401091890693237e+00
8.057105067374536134e+00
8.377346630150288576e+00
8.947926485062973612e+00
8.282061778451149436e+00
8.842207556899104759e+00
8.326115430918628491e+00
8.045472821426649546e+00
8.533013739311957835e+00
8.441020196707594181e+00
8.282217244621140395e+00
8.752837381147575258e+00
8.493678192113041092e+00
1.099464222383453205e+01
8.970823803981902600e+00
8.443407102140108478e+00
8.241226941488957181e+00
9.093994542819675786e+00
1.052733892947616923e+01
8.986480151235099356e+00
9.768388173937269769e+00
9.152736970066095878e+00
1.094089385620835131e+01
8.522913228912029737e+00
9.481595632864140200e+00
8.711689977967576937e+00
8.050758139877356001e+00
8.013350969130840440e+00
8.553599983023081776e+00
9.078734342118146117e+00
9.989765658475597832e+00
8.033167159055519591e+00
1.084462796622015190e+01
1.016074281158006620e+01
1.006843991885888734e+01
9.029094941434678390e+00
8.628592526423009446e+00
9.629609722449147924e+00
8.230891236282589674e+00
8.345723097709031535e+00
8.189579794118850842e+00
1.420555524672055725e+01
8.213417606728169673e+00
9.206479004303886882e+00
8.620031058153706738e+00
8.033862192030429838e+00
8.084755962319698952e+00
1.065112697805792408e+01
9.364699957992916879e+00
8.789679633830834504e+00
8.235045097743533660e+00
8.006376425712430134e+00
9.481264234566717519e+00
8.374400571717281139e+00
8.240850115964706291e+00
8.189118435878146585e+00
9.654416370496694100e+00
8.969250957419811598e+00
9.025271063559610951e+00
1.059611435348117503e+01
1.022376507323215478e+01
9.140876681874543053e+00
1.124488457302176769e+01
8.260016333567001823e+00
8.019796905035722290e+00
1.054729424330503917e+01
8.306970878796668956e+00
1.161573930226651541e+01
8.253653093640652472e+00
8.326366901491201844e+00
1.040185113744909451e+01
9.674804284238787133e+00
8.102466070681410670e+00
8.856775545318338771e+00
8.171680303759920605e+00
8.074369702851777575e+00
8.947734518755474653e+00
8.081267020551196723e+00
8.638460124627787451e+00
8.953247189666431183e+00
1.079856597544175045e+01
1.054175893429699329e+01
8.935110351426244435e+00
8.698586987739844290e+00
9.050940413130923901e+00
1.058980717567080987e+01
1.270393250482102232e+01
8.033650203517396449e+00
1.149173788368651827e+01
9.625496054220837649e+00
8.077966773702076608e+00
9.610277656965427795e+00
9.086583654658136666e+00
1.036167651768240638e+01
8.612115328416034998e+00
8.699846496907905902e+00
9.815929087469605463e+00
8.661237347109446816e+00
8.747324421907332948e+00
8.280188723178561361e+00
8.401108380539501042e+00
8.339183634676997414e+00
8.046738648727014720e+00
8.874750091066577085e+00
9.849292212825567105e+00
9.471036257866554564e+00
8.283139923069338550e+00
8.882637626182161128e+00
8.674189334144834618e+00
9.695834512664543325e+00
8.436151026502885841e+00
8.037283420032650838e+00
1.018281125825163791e+01
9.109512767858040760e+00
8.200719925919456088e+00
8.230299289956889197e+00
8.507829873773276930e+00
8.647004773537489086e+00
8.400925638891060032e+00
8.724989718627204738e+00
1.022980174960569855e+01
8.994146082981249180e+00
8.461288357956107120e+00
9.969282733639882821e+00
9.189816975770602525e+00
8.900722173939746185e+00
8.726741535773561154e+00
8.091936631433567229e+00
8.898782739104738937e+00
8.507928620808499431e+00
8.799239173081167209e+00
8.132463415520687633e+00
9.542609310900800779e+00
8.717349808399086797e+00
9.777445746016113048e+00
8.231695338356050939e+00
1.078197925085081721e+01
8.863187722708213201e+00
8.078703119817136624e+00
8.376466176931421259e+00
1.205617676105311808e+01
8.950194316448021326e+00
8.544291152915995724e+00
1.047327158463692065e+01
8.448296335814253766e+00
9.374942085067429431e+00
8.158134532992944443e+00
9.194549661347021896e+00
8.676171578987810662e+00
8.552740648582028982e+00
8.263456796058594733e+00
1.237850097286343676e+01
8.131954752731516578e+00
8.227517979774507495e+00
8.473869213310532444e+00
8.140550683605104254e+00
1.073837242111219936e+01
1.041219228777089256e+01
8.576596513413441869e+00
8.678062913067549289e+00
8.064101920445745364e+00
9.828669538859420740e+00
9.516346273467100048e+00
8.499702622999826929e+00
8.648340682462002604e+00
9.076934352521243810e+00
8.626571430009454033e+00
8.319090725775668105e+00
8.353089156377938806e+00
8.728386885136341533e+00
1.320866512269155635e+01
8.673198835925575167e+00
8.057414538345025079e+00
1.079190066348956911e+01
8.365241382887521837e+00
8.040640111826615311e+00
8.075031526155456163e+00
8.187697506281759630e+00
9.005549378516764847e+00
8.458843863648988659e+00
1.049253617421428153e+01
9.576358926644841674e+00
8.386893885063425813e+00
1.227700394217388435e+01
